2.500000e-01 9.397748e-01 8.362780e-02 -2.926318e-02 3.250303e-01 -2.929029e-02 3.253901e-01 9.397829e-01 8.350698e-02 
2.506000e-01 9.399741e-01 8.261631e-02 -2.887680e-02 3.247132e-01 -2.890349e-02 3.250732e-01 9.399822e-01 8.249405e-02 
2.512000e-01 9.401709e-01 8.160634e-02 -2.849203e-02 3.243986e-01 -2.851830e-02 3.247588e-01 9.401789e-01 8.148265e-02 
2.518000e-01 9.403652e-01 8.059790e-02 -2.810885e-02 3.240864e-01 -2.813469e-02 3.244468e-01 9.403732e-01 8.047277e-02 
2.524000e-01 9.405571e-01 7.959096e-02 -2.772725e-02 3.237767e-01 -2.775266e-02 3.241373e-01 9.405650e-01 7.946440e-02 
2.530000e-01 9.407465e-01 7.858552e-02 -2.734720e-02 3.234694e-01 -2.737219e-02 3.238302e-01 9.407544e-01 7.845752e-02 
2.536000e-01 9.409335e-01 7.758157e-02 -2.696868e-02 3.231646e-01 -2.699325e-02 3.235255e-01 9.409413e-01 7.745213e-02 
2.542000e-01 9.411181e-01 7.657908e-02 -2.659168e-02 3.228622e-01 -2.661583e-02 3.232233e-01 9.411258e-01 7.644821e-02 
2.548000e-01 9.413002e-01 7.557806e-02 -2.621618e-02 3.225622e-01 -2.623990e-02 3.229234e-01 9.413079e-01 7.544576e-02 
2.554000e-01 9.414800e-01 7.457849e-02 -2.584215e-02 3.222645e-01 -2.586545e-02 3.226260e-01 9.414876e-01 7.444475e-02 
2.560000e-01 9.416573e-01 7.358036e-02 -2.546959e-02 3.219693e-01 -2.549247e-02 3.223310e-01 9.416649e-01 7.344518e-02 
2.566000e-01 9.418324e-01 7.258365e-02 -2.509847e-02 3.216765e-01 -2.512093e-02 3.220384e-01 9.418399e-01 7.244705e-02 
2.572000e-01 9.420050e-01 7.158836e-02 -2.472878e-02 3.213861e-01 -2.475082e-02 3.217482e-01 9.420125e-01 7.145032e-02 
2.578000e-01 9.421753e-01 7.059447e-02 -2.436050e-02 3.210980e-01 -2.438211e-02 3.214603e-01 9.421827e-01 7.045500e-02 
2.584000e-01 9.423433e-01 6.960198e-02 -2.399360e-02 3.208123e-01 -2.401480e-02 3.211748e-01 9.423506e-01 6.946108e-02 
2.590000e-01 9.425090e-01 6.861087e-02 -2.362808e-02 3.205290e-01 -2.364885e-02 3.208917e-01 9.425162e-01 6.846854e-02 
2.596000e-01 9.426724e-01 6.762113e-02 -2.326392e-02 3.202480e-01 -2.328427e-02 3.206110e-01 9.426795e-01 6.747736e-02 
2.602000e-01 9.428335e-01 6.663275e-02 -2.290109e-02 3.199694e-01 -2.292102e-02 3.203325e-01 9.428405e-01 6.648755e-02 
2.608000e-01 9.429923e-01 6.564571e-02 -2.253959e-02 3.196931e-01 -2.255910e-02 3.200565e-01 9.429992e-01 6.549909e-02 
2.614000e-01 9.431488e-01 6.466002e-02 -2.217939e-02 3.194191e-01 -2.219848e-02 3.197827e-01 9.431557e-01 6.451196e-02 
2.620000e-01 9.433031e-01 6.367565e-02 -2.182048e-02 3.191475e-01 -2.183915e-02 3.195113e-01 9.433099e-01 6.352617e-02 
2.626000e-01 9.434552e-01 6.269260e-02 -2.146285e-02 3.188782e-01 -2.148109e-02 3.192422e-01 9.434619e-01 6.254168e-02 
2.632000e-01 9.436050e-01 6.171085e-02 -2.110646e-02 3.186112e-01 -2.112429e-02 3.189754e-01 9.436116e-01 6.155851e-02 
2.638000e-01 9.437526e-01 6.073039e-02 -2.075132e-02 3.183465e-01 -2.076872e-02 3.187110e-01 9.437591e-01 6.057662e-02 
2.644000e-01 9.438980e-01 5.975122e-02 -2.039740e-02 3.180840e-01 -2.041438e-02 3.184488e-01 9.439044e-01 5.959602e-02 
2.650000e-01 9.440413e-01 5.877332e-02 -2.004469e-02 3.178239e-01 -2.006125e-02 3.181889e-01 9.440475e-01 5.861669e-02 
2.656000e-01 9.441823e-01 5.779668e-02 -1.969316e-02 3.175661e-01 -1.970930e-02 3.179313e-01 9.441884e-01 5.763862e-02 
2.662000e-01 9.443211e-01 5.682129e-02 -1.934282e-02 3.173105e-01 -1.935853e-02 3.176760e-01 9.443271e-01 5.666181e-02 
2.668000e-01 9.444578e-01 5.584714e-02 -1.899363e-02 3.170572e-01 -1.900892e-02 3.174229e-01 9.444637e-01 5.568623e-02 
2.674000e-01 9.445924e-01 5.487422e-02 -1.864558e-02 3.168062e-01 -1.866046e-02 3.171721e-01 9.445981e-01 5.471188e-02 
2.680000e-01 9.447248e-01 5.390252e-02 -1.829867e-02 3.165574e-01 -1.831312e-02 3.169236e-01 9.447304e-01 5.373876e-02 
2.686000e-01 9.448551e-01 5.293203e-02 -1.795286e-02 3.163108e-01 -1.796689e-02 3.166773e-01 9.448606e-01 5.276683e-02 
2.692000e-01 9.449832e-01 5.196273e-02 -1.760815e-02 3.160665e-01 -1.762176e-02 3.164333e-01 9.449886e-01 5.179611e-02 
2.698000e-01 9.451093e-01 5.099462e-02 -1.726453e-02 3.158245e-01 -1.727772e-02 3.161915e-01 9.451145e-01 5.082657e-02 
2.704000e-01 9.452332e-01 5.002769e-02 -1.692197e-02 3.155846e-01 -1.693474e-02 3.159519e-01 9.452383e-01 4.985821e-02 
2.710000e-01 9.453551e-01 4.906192e-02 -1.658047e-02 3.153470e-01 -1.659281e-02 3.157145e-01 9.453600e-01 4.889102e-02 
2.716000e-01 9.454748e-01 4.809731e-02 -1.624000e-02 3.151116e-01 -1.625192e-02 3.154794e-01 9.454796e-01 4.792498e-02 
2.722000e-01 9.455925e-01 4.713384e-02 -1.590056e-02 3.148784e-01 -1.591205e-02 3.152465e-01 9.455972e-01 4.696009e-02 
2.728000e-01 9.457082e-01 4.617151e-02 -1.556212e-02 3.146474e-01 -1.557319e-02 3.150158e-01 9.457127e-01 4.599633e-02 
2.734000e-01 9.458218e-01 4.521030e-02 -1.522467e-02 3.144186e-01 -1.523532e-02 3.147873e-01 9.458261e-01 4.503370e-02 
2.740000e-01 9.459333e-01 4.425021e-02 -1.488821e-02 3.141920e-01 -1.489843e-02 3.145609e-01 9.459375e-01 4.407218e-02 
2.746000e-01 9.460428e-01 4.329122e-02 -1.455271e-02 3.139676e-01 -1.456251e-02 3.143368e-01 9.460469e-01 4.311176e-02 
2.752000e-01 9.461503e-01 4.233332e-02 -1.421816e-02 3.137454e-01 -1.422754e-02 3.141148e-01 9.461542e-01 4.215244e-02 
2.758000e-01 9.462558e-01 4.137651e-02 -1.388455e-02 3.135253e-01 -1.389350e-02 3.138951e-01 9.462595e-01 4.119420e-02 
2.764000e-01 9.463592e-01 4.042077e-02 -1.355185e-02 3.133074e-01 -1.356038e-02 3.136774e-01 9.463628e-01 4.023704e-02 
2.770000e-01 9.464607e-01 3.946610e-02 -1.322007e-02 3.130916e-01 -1.322817e-02 3.134620e-01 9.464641e-01 3.928094e-02 
2.776000e-01 9.465602e-01 3.851247e-02 -1.288918e-02 3.128781e-01 -1.289686e-02 3.132487e-01 9.465634e-01 3.832589e-02 
2.782000e-01 9.466577e-01 3.755990e-02 -1.255917e-02 3.126666e-01 -1.256642e-02 3.130375e-01 9.466607e-01 3.737189e-02 
2.788000e-01 9.467532e-01 3.660835e-02 -1.223003e-02 3.124573e-01 -1.223685e-02 3.128285e-01 9.467560e-01 3.641892e-02 
2.794000e-01 9.468467e-01 3.565783e-02 -1.190174e-02 3.122501e-01 -1.190813e-02 3.126217e-01 9.468494e-01 3.546697e-02 
2.800000e-01 9.469383e-01 3.470832e-02 -1.157429e-02 3.120451e-01 -1.158026e-02 3.124169e-01 9.469408e-01 3.451604e-02 
2.806000e-01 9.470280e-01 3.375982e-02 -1.124766e-02 3.118422e-01 -1.125320e-02 3.122143e-01 9.470303e-01 3.356611e-02 
2.812000e-01 9.471157e-01 3.281231e-02 -1.092185e-02 3.116414e-01 -1.092696e-02 3.120138e-01 9.471178e-01 3.261717e-02 
2.818000e-01 9.472014e-01 3.186578e-02 -1.059684e-02 3.114427e-01 -1.060152e-02 3.118155e-01 9.472033e-01 3.166922e-02 
2.824000e-01 9.472852e-01 3.092023e-02 -1.027261e-02 3.112461e-01 -1.027686e-02 3.116192e-01 9.472870e-01 3.072224e-02 
2.830000e-01 9.473672e-01 2.997564e-02 -9.949159e-03 3.110516e-01 -9.952981e-03 3.114251e-01 9.473687e-01 2.977623e-02 
2.836000e-01 9.474471e-01 2.903201e-02 -9.626465e-03 3.108593e-01 -9.629856e-03 3.112330e-01 9.474485e-01 2.883117e-02 
2.842000e-01 9.475252e-01 2.808933e-02 -9.304518e-03 3.106690e-01 -9.307478e-03 3.110430e-01 9.475263e-01 2.788706e-02 
2.848000e-01 9.476014e-01 2.714758e-02 -8.983304e-03 3.104808e-01 -8.985832e-03 3.108552e-01 9.476023e-01 2.694388e-02 
2.854000e-01 9.476757e-01 2.620675e-02 -8.662812e-03 3.102947e-01 -8.664907e-03 3.106694e-01 9.476764e-01 2.600163e-02 
2.860000e-01 9.477481e-01 2.526684e-02 -8.343027e-03 3.101106e-01 -8.344690e-03 3.104857e-01 9.477486e-01 2.506030e-02 
2.866000e-01 9.478186e-01 2.432784e-02 -8.023938e-03 3.099286e-01 -8.025168e-03 3.103040e-01 9.478189e-01 2.411987e-02 
2.872000e-01 9.478873e-01 2.338974e-02 -7.705532e-03 3.097487e-01 -7.706327e-03 3.101245e-01 9.478873e-01 2.318034e-02 
2.878000e-01 9.479541e-01 2.245253e-02 -7.387796e-03 3.095709e-01 -7.388156e-03 3.099470e-01 9.479539e-01 2.224170e-02 
2.884000e-01 9.480190e-01 2.151619e-02 -7.070718e-03 3.093951e-01 -7.070643e-03 3.097715e-01 9.480186e-01 2.130394e-02 
2.890000e-01 9.480821e-01 2.058072e-02 -6.754285e-03 3.092213e-01 -6.753773e-03 3.095981e-01 9.480814e-01 2.036704e-02 
2.896000e-01 9.481433e-01 1.964611e-02 -6.438485e-03 3.090496e-01 -6.437537e-03 3.094268e-01 9.481424e-01 1.943101e-02 
2.902000e-01 9.482027e-01 1.871236e-02 -6.123306e-03 3.088800e-01 -6.121920e-03 3.092575e-01 9.482015e-01 1.849583e-02 
2.908000e-01 9.482602e-01 1.777944e-02 -5.808735e-03 3.087124e-01 -5.806910e-03 3.090902e-01 9.482588e-01 1.756148e-02 
2.914000e-01 9.483159e-01 1.684736e-02 -5.494760e-03 3.085468e-01 -5.492496e-03 3.089249e-01 9.483143e-01 1.662797e-02 
2.920000e-01 9.483698e-01 1.591610e-02 -5.181369e-03 3.083832e-01 -5.178665e-03 3.087617e-01 9.483679e-01 1.569528e-02 
2.926000e-01 9.484219e-01 1.498565e-02 -4.868550e-03 3.082216e-01 -4.865406e-03 3.086005e-01 9.484198e-01 1.476341e-02 
2.932000e-01 9.484721e-01 1.405601e-02 -4.556291e-03 3.080621e-01 -4.552705e-03 3.084414e-01 9.484698e-01 1.383234e-02 
2.938000e-01 9.485205e-01 1.312716e-02 -4.244580e-03 3.079046e-01 -4.240552e-03 3.082842e-01 9.485179e-01 1.290206e-02 
2.944000e-01 9.485672e-01 1.219910e-02 -3.933405e-03 3.077491e-01 -3.928934e-03 3.081291e-01 9.485643e-01 1.197257e-02 
2.950000e-01 9.486120e-01 1.127181e-02 -3.622755e-03 3.075955e-01 -3.617840e-03 3.079759e-01 9.486089e-01 1.104385e-02 
2.956000e-01 9.486551e-01 1.034530e-02 -3.312617e-03 3.074440e-01 -3.307257e-03 3.078248e-01 9.486517e-01 1.011591e-02 
2.962000e-01 9.486963e-01 9.419540e-03 -3.002980e-03 3.072945e-01 -2.997174e-03 3.076756e-01 9.486926e-01 9.188721e-03 
2.968000e-01 9.487358e-01 8.494532e-03 -2.693831e-03 3.071470e-01 -2.687579e-03 3.075285e-01 9.487318e-01 8.262283e-03 
2.974000e-01 9.487735e-01 7.570265e-03 -2.385161e-03 3.070014e-01 -2.378461e-03 3.073833e-01 9.487693e-01 7.336585e-03 
2.980000e-01 9.488094e-01 6.646730e-03 -2.076956e-03 3.068578e-01 -2.069808e-03 3.072401e-01 9.488049e-01 6.411620e-03 
2.986000e-01 9.488435e-01 5.723918e-03 -1.769205e-03 3.067162e-01 -1.761608e-03 3.070989e-01 9.488387e-01 5.487376e-03 
2.992000e-01 9.488759e-01 4.801820e-03 -1.461898e-03 3.065766e-01 -1.453850e-03 3.069597e-01 9.488708e-01 4.563847e-03 
2.998000e-01 9.489065e-01 3.880428e-03 -1.155021e-03 3.064389e-01 -1.146523e-03 3.068224e-01 9.489012e-01 3.641023e-03 
3.004000e-01 9.489354e-01 2.959732e-03 -8.485654e-04 3.063032e-01 -8.396146e-04 3.066871e-01 9.489297e-01 2.718895e-03 
3.010000e-01 9.489625e-01 2.039723e-03 -5.425181e-04 3.061695e-01 -5.331141e-04 3.065538e-01 9.489565e-01 1.797454e-03 
3.016000e-01 9.489878e-01 1.120394e-03 -2.368682e-04 3.060377e-01 -2.270101e-04 3.064224e-01 9.489816e-01 8.766916e-04 
3.022000e-01 9.490114e-01 2.017345e-04 6.839546e-05 3.059079e-01 7.870877e-05 3.062930e-01 9.490049e-01 -4.340104e-05 
3.028000e-01 9.490333e-01 -7.162634e-04 3.732841e-04 3.057800e-01 3.840537e-04 3.061655e-01 9.490265e-01 -9.628326e-04 
3.034000e-01 9.490534e-01 -1.633609e-03 6.778089e-04 3.056540e-01 6.890357e-04 3.060399e-01 9.490463e-01 -1.881612e-03 
3.040000e-01 9.490718e-01 -2.550310e-03 9.819810e-04 3.055300e-01 9.936662e-04 3.059163e-01 9.490644e-01 -2.799748e-03 
3.046000e-01 9.490885e-01 -3.466376e-03 1.285811e-03 3.054079e-01 1.297956e-03 3.057947e-01 9.490807e-01 -3.717248e-03 
3.052000e-01 9.491034e-01 -4.381815e-03 1.589311e-03 3.052878e-01 1.601916e-03 3.056750e-01 9.490954e-01 -4.634123e-03 
3.058000e-01 9.491166e-01 -5.296636e-03 1.892491e-03 3.051696e-01 1.905558e-03 3.055572e-01 9.491083e-01 -5.550379e-03 
3.064000e-01 9.491281e-01 -6.210847e-03 2.195363e-03 3.050533e-01 2.208893e-03 3.054413e-01 9.491194e-01 -6.466026e-03 
3.070000e-01 9.491379e-01 -7.124457e-03 2.497937e-03 3.049389e-01 2.511930e-03 3.053273e-01 9.491289e-01 -7.381073e-03 
3.076000e-01 9.491459e-01 -8.037474e-03 2.800224e-03 3.048264e-01 2.814682e-03 3.052153e-01 9.491366e-01 -8.295528e-03 
3.082000e-01 9.491523e-01 -8.949908e-03 3.102235e-03 3.047159e-01 3.117160e-03 3.051052e-01 9.491426e-01 -9.209399e-03 
3.088000e-01 9.491569e-01 -9.861766e-03 3.403980e-03 3.046072e-01 3.419373e-03 3.049970e-01 9.491469e-01 -1.012269e-02 
3.094000e-01 9.491599e-01 -1.077306e-02 3.705472e-03 3.045005e-01 3.721333e-03 3.048907e-01 9.491495e-01 -1.103542e-02 
3.100000e-01 9.491611e-01 -1.168379e-02 4.006719e-03 3.043956e-01 4.023051e-03 3.047863e-01 9.491504e-01 -1.194759e-02 
3.106000e-01 9.491606e-01 -1.259397e-02 4.307734e-03 3.042927e-01 4.324537e-03 3.046838e-01 9.491496e-01 -1.285922e-02 
3.112000e-01 9.491585e-01 -1.350361e-02 4.608527e-03 3.041916e-01 4.625802e-03 3.045832e-01 9.491471e-01 -1.377030e-02 
3.118000e-01 9.491546e-01 -1.441271e-02 4.909108e-03 3.040925e-01 4.926856e-03 3.044845e-01 9.491429e-01 -1.468084e-02 
3.124000e-01 9.491490e-01 -1.532130e-02 5.209488e-03 3.039952e-01 5.227711e-03 3.043876e-01 9.491370e-01 -1.559086e-02 
3.130000e-01 9.491418e-01 -1.622936e-02 5.509678e-03 3.038998e-01 5.528377e-03 3.042927e-01 9.491294e-01 -1.650037e-02 
3.136000e-01 9.491329e-01 -1.713691e-02 5.809688e-03 3.038063e-01 5.828865e-03 3.041997e-01 9.491201e-01 -1.740937e-02 
3.142000e-01 9.491223e-01 -1.804397e-02 6.109528e-03 3.037147e-01 6.129185e-03 3.041085e-01 9.491092e-01 -1.831786e-02 
3.148000e-01 9.491100e-01 -1.895053e-02 6.409210e-03 3.036249e-01 6.429347e-03 3.040192e-01 9.490965e-01 -1.922587e-02 
3.154000e-01 9.490960e-01 -1.985661e-02 6.708744e-03 3.035370e-01 6.729363e-03 3.039318e-01 9.490822e-01 -2.013339e-02 
3.160000e-01 9.490803e-01 -2.076221e-02 7.008140e-03 3.034510e-01 7.029242e-03 3.038462e-01 9.490661e-01 -2.104043e-02 
3.166000e-01 9.490630e-01 -2.166734e-02 7.307409e-03 3.033669e-01 7.328995e-03 3.037626e-01 9.490484e-01 -2.194701e-02 
3.172000e-01 9.490440e-01 -2.257202e-02 7.606561e-03 3.032846e-01 7.628633e-03 3.036807e-01 9.490290e-01 -2.285313e-02 
3.178000e-01 9.490233e-01 -2.347624e-02 7.905606e-03 3.032041e-01 7.928166e-03 3.036008e-01 9.490080e-01 -2.375880e-02 
3.184000e-01 9.490009e-01 -2.438002e-02 8.204556e-03 3.031256e-01 8.227604e-03 3.035227e-01 9.489852e-01 -2.466403e-02 
3.190000e-01 9.489769e-01 -2.528336e-02 8.503419e-03 3.030488e-01 8.526957e-03 3.034464e-01 9.489608e-01 -2.556882e-02 
3.196000e-01 9.489512e-01 -2.618628e-02 8.802207e-03 3.029739e-01 8.826237e-03 3.033721e-01 9.489347e-01 -2.647318e-02 
3.202000e-01 9.489239e-01 -2.708877e-02 9.100930e-03 3.029009e-01 9.125454e-03 3.032995e-01 9.489070e-01 -2.737713e-02 
3.208000e-01 9.488948e-01 -2.799086e-02 9.399599e-03 3.028297e-01 9.424617e-03 3.032288e-01 9.488775e-01 -2.828066e-02 
3.214000e-01 9.488641e-01 -2.889254e-02 9.698222e-03 3.027604e-01 9.723737e-03 3.031600e-01 9.488464e-01 -2.918380e-02 
3.220000e-01 9.488318e-01 -2.979383e-02 9.996812e-03 3.026929e-01 1.002282e-02 3.030929e-01 9.488137e-01 -3.008654e-02 
3.226000e-01 9.487977e-01 -3.069473e-02 1.029538e-02 3.026272e-01 1.032189e-02 3.030278e-01 9.487792e-01 -3.098889e-02 
3.232000e-01 9.487621e-01 -3.159525e-02 1.059393e-02 3.025634e-01 1.062094e-02 3.029644e-01 9.487431e-01 -3.189086e-02 
3.238000e-01 9.487247e-01 -3.249540e-02 1.089248e-02 3.025013e-01 1.091999e-02 3.029029e-01 9.487054e-01 -3.279246e-02 
3.244000e-01 9.486857e-01 -3.339518e-02 1.119103e-02 3.024412e-01 1.121905e-02 3.028433e-01 9.486660e-01 -3.369370e-02 
3.250000e-01 9.486450e-01 -3.429461e-02 1.148960e-02 3.023828e-01 1.151813e-02 3.027854e-01 9.486249e-01 -3.459458e-02 
3.256000e-01 9.486027e-01 -3.519369e-02 1.178820e-02 3.023263e-01 1.181724e-02 3.027294e-01 9.485821e-01 -3.549511e-02 
3.262000e-01 9.485587e-01 -3.609243e-02 1.208684e-02 3.022715e-01 1.211638e-02 3.026752e-01 9.485377e-01 -3.639531e-02 
3.268000e-01 9.485130e-01 -3.699084e-02 1.238552e-02 3.022186e-01 1.241557e-02 3.026228e-01 9.484916e-01 -3.729517e-02 
3.274000e-01 9.484657e-01 -3.788892e-02 1.268426e-02 3.021675e-01 1.271483e-02 3.025722e-01 9.484439e-01 -3.819471e-02 
3.280000e-01 9.484168e-01 -3.878669e-02 1.298307e-02 3.021183e-01 1.301415e-02 3.025235e-01 9.483945e-01 -3.909394e-02 
3.286000e-01 9.483662e-01 -3.968414e-02 1.328196e-02 3.020708e-01 1.331355e-02 3.024766e-01 9.483434e-01 -3.999285e-02 
3.292000e-01 9.483139e-01 -4.058130e-02 1.358093e-02 3.020251e-01 1.361304e-02 3.024314e-01 9.482907e-01 -4.089147e-02 
3.298000e-01 9.482599e-01 -4.147816e-02 1.388000e-02 3.019813e-01 1.391264e-02 3.023881e-01 9.482363e-01 -4.178979e-02 
3.304000e-01 9.482043e-01 -4.237473e-02 1.417918e-02 3.019392e-01 1.421234e-02 3.023466e-01 9.481803e-01 -4.268783e-02 
3.310000e-01 9.481471e-01 -4.327103e-02 1.447848e-02 3.018990e-01 1.451216e-02 3.023069e-01 9.481226e-01 -4.358558e-02 
3.316000e-01 9.480882e-01 -4.416706e-02 1.477791e-02 3.018605e-01 1.481211e-02 3.022690e-01 9.480632e-01 -4.448307e-02 
3.322000e-01 9.480276e-01 -4.506282e-02 1.507747e-02 3.018239e-01 1.511220e-02 3.022329e-01 9.480022e-01 -4.538030e-02 
3.328000e-01 9.479654e-01 -4.595832e-02 1.537719e-02 3.017890e-01 1.541244e-02 3.021986e-01 9.479395e-01 -4.627727e-02 
3.334000e-01 9.479015e-01 -4.685358e-02 1.567706e-02 3.017560e-01 1.571285e-02 3.021660e-01 9.478751e-01 -4.717399e-02 
3.340000e-01 9.478359e-01 -4.774860e-02 1.597710e-02 3.017247e-01 1.601342e-02 3.021353e-01 9.478091e-01 -4.807048e-02 
3.346000e-01 9.477687e-01 -4.864339e-02 1.627732e-02 3.016952e-01 1.631417e-02 3.021064e-01 9.477414e-01 -4.896673e-02 
3.352000e-01 9.476999e-01 -4.953795e-02 1.657773e-02 3.016675e-01 1.661512e-02 3.020792e-01 9.476721e-01 -4.986276e-02 
3.358000e-01 9.476294e-01 -5.043229e-02 1.687833e-02 3.016415e-01 1.691626e-02 3.020539e-01 9.476011e-01 -5.075857e-02 
3.364000e-01 9.475572e-01 -5.132642e-02 1.717915e-02 3.016174e-01 1.721762e-02 3.020303e-01 9.475284e-01 -5.165417e-02 
3.370000e-01 9.474833e-01 -5.222035e-02 1.748018e-02 3.015950e-01 1.751919e-02 3.020085e-01 9.474541e-01 -5.254957e-02 
3.376000e-01 9.474078e-01 -5.311408e-02 1.778145e-02 3.015744e-01 1.782100e-02 3.019885e-01 9.473780e-01 -5.344477e-02 
3.382000e-01 9.473306e-01 -5.400763e-02 1.808295e-02 3.015556e-01 1.812305e-02 3.019702e-01 9.473004e-01 -5.433979e-02 
3.388000e-01 9.472518e-01 -5.490099e-02 1.838470e-02 3.015386e-01 1.842535e-02 3.019538e-01 9.472210e-01 -5.523463e-02 
3.394000e-01 9.471713e-01 -5.579419e-02 1.868671e-02 3.015233e-01 1.872791e-02 3.019391e-01 9.471400e-01 -5.612930e-02 
3.400000e-01 9.470891e-01 -5.668721e-02 1.898900e-02 3.015098e-01 1.903075e-02 3.019262e-01 9.470573e-01 -5.702380e-02 
3.406000e-01 9.470052e-01 -5.758008e-02 1.929156e-02 3.014981e-01 1.933386e-02 3.019151e-01 9.469730e-01 -5.791814e-02 
3.412000e-01 9.469197e-01 -5.847280e-02 1.959441e-02 3.014882e-01 1.963727e-02 3.019057e-01 9.468869e-01 -5.881233e-02 
3.418000e-01 9.468325e-01 -5.936537e-02 1.989756e-02 3.014800e-01 1.994098e-02 3.018981e-01 9.467992e-01 -5.970638e-02 
3.424000e-01 9.467436e-01 -6.025781e-02 2.020102e-02 3.014735e-01 2.024500e-02 3.018923e-01 9.467098e-01 -6.060030e-02 
3.430000e-01 9.466531e-01 -6.115011e-02 2.050480e-02 3.014689e-01 2.054934e-02 3.018882e-01 9.466188e-01 -6.149409e-02 
3.436000e-01 9.465609e-01 -6.204230e-02 2.080891e-02 3.014660e-01 2.085401e-02 3.018859e-01 9.465260e-01 -6.238775e-02 
3.442000e-01 9.464670e-01 -6.293437e-02 2.111336e-02 3.014648e-01 2.115903e-02 3.018853e-01 9.464316e-01 -6.328130e-02 
3.448000e-01 9.463714e-01 -6.382634e-02 2.141816e-02 3.014654e-01 2.146440e-02 3.018865e-01 9.463355e-01 -6.417475e-02 
3.454000e-01 9.462741e-01 -6.471820e-02 2.172332e-02 3.014678e-01 2.177014e-02 3.018895e-01 9.462377e-01 -6.506810e-02 
3.460000e-01 9.461752e-01 -6.560997e-02 2.202885e-02 3.014719e-01 2.207624e-02 3.018943e-01 9.461382e-01 -6.596135e-02 
3.466000e-01 9.460745e-01 -6.650166e-02 2.233476e-02 3.014778e-01 2.238273e-02 3.019007e-01 9.460370e-01 -6.685453e-02 
3.472000e-01 9.459722e-01 -6.739327e-02 2.264107e-02 3.014854e-01 2.268961e-02 3.019090e-01 9.459341e-01 -6.774762e-02 
3.478000e-01 9.458682e-01 -6.828480e-02 2.294777e-02 3.014948e-01 2.299690e-02 3.019190e-01 9.458295e-01 -6.864064e-02 
3.484000e-01 9.457625e-01 -6.917627e-02 2.325489e-02 3.015059e-01 2.330460e-02 3.019307e-01 9.457232e-01 -6.953360e-02 
3.490000e-01 9.456551e-01 -7.006769e-02 2.356243e-02 3.015188e-01 2.361272e-02 3.019442e-01 9.456153e-01 -7.042651e-02 
3.496000e-01 9.455460e-01 -7.095906e-02 2.387040e-02 3.015334e-01 2.392128e-02 3.019595e-01 9.455056e-01 -7.131937e-02 
3.502000e-01 9.454352e-01 -7.185038e-02 2.417881e-02 3.015497e-01 2.423029e-02 3.019765e-01 9.453942e-01 -7.221218e-02 
3.508000e-01 9.453226e-01 -7.274167e-02 2.448768e-02 3.015678e-01 2.453974e-02 3.019952e-01 9.452811e-01 -7.310496e-02 
3.514000e-01 9.452084e-01 -7.363293e-02 2.479700e-02 3.015877e-01 2.484967e-02 3.020157e-01 9.451663e-01 -7.399771e-02 
3.520000e-01 9.450925e-01 -7.452417e-02 2.510681e-02 3.016093e-01 2.516007e-02 3.020379e-01 9.450498e-01 -7.489045e-02 
3.526000e-01 9.449748e-01 -7.541539e-02 2.541709e-02 3.016326e-01 2.547095e-02 3.020619e-01 9.449316e-01 -7.578317e-02 
3.532000e-01 9.448555e-01 -7.630661e-02 2.572787e-02 3.016577e-01 2.578234e-02 3.020876e-01 9.448116e-01 -7.667588e-02 
3.538000e-01 9.447344e-01 -7.719783e-02 2.603916e-02 3.016845e-01 2.609423e-02 3.021151e-01 9.446900e-01 -7.756859e-02 
3.544000e-01 9.446116e-01 -7.808905e-02 2.635096e-02 3.017130e-01 2.640663e-02 3.021443e-01 9.445666e-01 -7.846132e-02 
3.550000e-01 9.444871e-01 -7.898029e-02 2.666328e-02 3.017433e-01 2.671957e-02 3.021752e-01 9.444414e-01 -7.935406e-02 
3.556000e-01 9.443608e-01 -7.987155e-02 2.697614e-02 3.017753e-01 2.703304e-02 3.022079e-01 9.443146e-01 -8.024682e-02 
3.562000e-01 9.442328e-01 -8.076284e-02 2.728955e-02 3.018090e-01 2.734706e-02 3.022423e-01 9.441860e-01 -8.113960e-02 
3.568000e-01 9.441031e-01 -8.165416e-02 2.760351e-02 3.018445e-01 2.766164e-02 3.022784e-01 9.440556e-01 -8.203243e-02 
3.574000e-01 9.439716e-01 -8.254552e-02 2.791804e-02 3.018817e-01 2.797679e-02 3.023163e-01 9.439236e-01 -8.292530e-02 
3.580000e-01 9.438384e-01 -8.343693e-02 2.823315e-02 3.019207e-01 2.829253e-02 3.023559e-01 9.437897e-01 -8.381821e-02 
3.586000e-01 9.437035e-01 -8.432840e-02 2.854884e-02 3.019613e-01 2.860885e-02 3.023972e-01 9.436542e-01 -8.471119e-02 
3.592000e-01 9.435668e-01 -8.521993e-02 2.886514e-02 3.020037e-01 2.892577e-02 3.024403e-01 9.435168e-01 -8.560423e-02 
3.598000e-01 9.434283e-01 -8.611153e-02 2.918204e-02 3.020478e-01 2.924331e-02 3.024851e-01 9.433777e-01 -8.649733e-02 
3.604000e-01 9.432881e-01 -8.700321e-02 2.949957e-02 3.020937e-01 2.956147e-02 3.025317e-01 9.432369e-01 -8.739052e-02 
3.610000e-01 9.431462e-01 -8.789497e-02 2.981772e-02 3.021413e-01 2.988026e-02 3.025799e-01 9.430943e-01 -8.828379e-02 
3.616000e-01 9.430024e-01 -8.878682e-02 3.013652e-02 3.021906e-01 3.019970e-02 3.026299e-01 9.429499e-01 -8.917715e-02 
3.622000e-01 9.428569e-01 -8.967877e-02 3.045597e-02 3.022416e-01 3.051979e-02 3.026816e-01 9.428037e-01 -9.007061e-02 
3.628000e-01 9.427096e-01 -9.057082e-02 3.077609e-02 3.022944e-01 3.084055e-02 3.027351e-01 9.426558e-01 -9.096418e-02 
3.634000e-01 9.425606e-01 -9.146298e-02 3.109687e-02 3.023488e-01 3.116199e-02 3.027903e-01 9.425061e-01 -9.185785e-02 
3.640000e-01 9.424097e-01 -9.235526e-02 3.141835e-02 3.024050e-01 3.148411e-02 3.028472e-01 9.423546e-01 -9.275165e-02 
3.646000e-01 9.422571e-01 -9.324766e-02 3.174051e-02 3.024629e-01 3.180693e-02 3.029058e-01 9.422013e-01 -9.364557e-02 
3.652000e-01 9.421027e-01 -9.414019e-02 3.206339e-02 3.025226e-01 3.213046e-02 3.029662e-01 9.420462e-01 -9.453962e-02 
3.658000e-01 9.419464e-01 -9.503286e-02 3.238698e-02 3.025840e-01 3.245472e-02 3.030282e-01 9.418893e-01 -9.543381e-02 
3.664000e-01 9.417884e-01 -9.592568e-02 3.271130e-02 3.026470e-01 3.277970e-02 3.030920e-01 9.417306e-01 -9.632814e-02 
3.670000e-01 9.416286e-01 -9.681864e-02 3.303636e-02 3.027118e-01 3.310543e-02 3.031576e-01 9.415701e-01 -9.722263e-02 
3.676000e-01 9.414669e-01 -9.771177e-02 3.336217e-02 3.027784e-01 3.343191e-02 3.032248e-01 9.414077e-01 -9.811728e-02 
3.682000e-01 9.413035e-01 -9.860506e-02 3.368874e-02 3.028466e-01 3.375915e-02 3.032938e-01 9.412436e-01 -9.901209e-02 
3.688000e-01 9.411382e-01 -9.949852e-02 3.401609e-02 3.029166e-01 3.408717e-02 3.033644e-01 9.410776e-01 -9.990708e-02 
3.694000e-01 9.409711e-01 -1.003922e-01 3.434422e-02 3.029882e-01 3.441598e-02 3.034369e-01 9.409098e-01 -1.008022e-01 
3.700000e-01 9.408022e-01 -1.012860e-01 3.467315e-02 3.030616e-01 3.474559e-02 3.035110e-01 9.407401e-01 -1.016976e-01 
3.706000e-01 9.406314e-01 -1.021800e-01 3.500288e-02 3.031367e-01 3.507600e-02 3.035868e-01 9.405686e-01 -1.025931e-01 
3.712000e-01 9.404588e-01 -1.030742e-01 3.533343e-02 3.032135e-01 3.540724e-02 3.036644e-01 9.403953e-01 -1.034889e-01 
3.718000e-01 9.402843e-01 -1.039686e-01 3.566481e-02 3.032921e-01 3.573931e-02 3.037437e-01 9.402201e-01 -1.043848e-01 
3.724000e-01 9.401080e-01 -1.048632e-01 3.599702e-02 3.033723e-01 3.607223e-02 3.038247e-01 9.400431e-01 -1.052810e-01 
3.730000e-01 9.399298e-01 -1.057581e-01 3.633010e-02 3.034543e-01 3.640599e-02 3.039074e-01 9.398641e-01 -1.061774e-01 
3.736000e-01 9.397497e-01 -1.066532e-01 3.666403e-02 3.035380e-01 3.674063e-02 3.039919e-01 9.396834e-01 -1.070740e-01 
3.742000e-01 9.395678e-01 -1.075485e-01 3.699884e-02 3.036234e-01 3.707614e-02 3.040780e-01 9.395007e-01 -1.079708e-01 
3.748000e-01 9.393840e-01 -1.084440e-01 3.733454e-02 3.037105e-01 3.741255e-02 3.041659e-01 9.393162e-01 -1.088679e-01 
3.754000e-01 9.391983e-01 -1.093398e-01 3.767113e-02 3.037993e-01 3.774985e-02 3.042555e-01 9.391297e-01 -1.097652e-01 
3.760000e-01 9.390108e-01 -1.102358e-01 3.800864e-02 3.038899e-01 3.808807e-02 3.043468e-01 9.389414e-01 -1.106628e-01 
3.766000e-01 9.388213e-01 -1.111321e-01 3.834706e-02 3.039821e-01 3.842722e-02 3.044398e-01 9.387512e-01 -1.115606e-01 
3.772000e-01 9.386299e-01 -1.120286e-01 3.868642e-02 3.040761e-01 3.876730e-02 3.045346e-01 9.385590e-01 -1.124587e-01 
3.778000e-01 9.384366e-01 -1.129255e-01 3.902673e-02 3.041718e-01 3.910832e-02 3.046310e-01 9.383650e-01 -1.133570e-01 
3.784000e-01 9.382414e-01 -1.138225e-01 3.936799e-02 3.042692e-01 3.945031e-02 3.047292e-01 9.381690e-01 -1.142557e-01 
3.790000e-01 9.380443e-01 -1.147199e-01 3.971022e-02 3.043683e-01 3.979328e-02 3.048291e-01 9.379711e-01 -1.151546e-01 
3.796000e-01 9.378453e-01 -1.156176e-01 4.005343e-02 3.044691e-01 4.013722e-02 3.049307e-01 9.377713e-01 -1.160538e-01 
3.802000e-01 9.376443e-01 -1.165156e-01 4.039763e-02 3.045716e-01 4.048216e-02 3.050340e-01 9.375695e-01 -1.169533e-01 
3.808000e-01 9.374414e-01 -1.174138e-01 4.074284e-02 3.046759e-01 4.082812e-02 3.051390e-01 9.373658e-01 -1.178532e-01 
3.814000e-01 9.372365e-01 -1.183124e-01 4.108907e-02 3.047818e-01 4.117509e-02 3.052458e-01 9.371601e-01 -1.187533e-01 
3.820000e-01 9.370296e-01 -1.192113e-01 4.143632e-02 3.048895e-01 4.152309e-02 3.053543e-01 9.369525e-01 -1.196537e-01 
3.826000e-01 9.368208e-01 -1.201105e-01 4.178462e-02 3.049989e-01 4.187214e-02 3.054644e-01 9.367429e-01 -1.205545e-01 
3.832000e-01 9.366101e-01 -1.210100e-01 4.213397e-02 3.051100e-01 4.222225e-02 3.055763e-01 9.365313e-01 -1.214556e-01 
3.838000e-01 9.363973e-01 -1.219099e-01 4.248439e-02 3.052228e-01 4.257343e-02 3.056900e-01 9.363177e-01 -1.223570e-01 
3.844000e-01 9.361826e-01 -1.228101e-01 4.283588e-02 3.053373e-01 4.292569e-02 3.058053e-01 9.361022e-01 -1.232588e-01 
3.850000e-01 9.359659e-01 -1.237107e-01 4.318847e-02 3.054535e-01 4.327904e-02 3.059223e-01 9.358846e-01 -1.241609e-01 
3.856000e-01 9.357471e-01 -1.246116e-01 4.354216e-02 3.055714e-01 4.363350e-02 3.060411e-01 9.356651e-01 -1.250634e-01 
3.862000e-01 9.355264e-01 -1.255128e-01 4.389697e-02 3.056911e-01 4.398909e-02 3.061615e-01 9.354435e-01 -1.259662e-01 
3.868000e-01 9.353036e-01 -1.264145e-01 4.425290e-02 3.058124e-01 4.434580e-02 3.062837e-01 9.352199e-01 -1.268694e-01 
3.874000e-01 9.350789e-01 -1.273165e-01 4.460998e-02 3.059355e-01 4.470366e-02 3.064076e-01 9.349943e-01 -1.277729e-01 
3.880000e-01 9.348520e-01 -1.282188e-01 4.496821e-02 3.060603e-01 4.506268e-02 3.065333e-01 9.347666e-01 -1.286769e-01 
3.886000e-01 9.346232e-01 -1.291216e-01 4.532761e-02 3.061868e-01 4.542287e-02 3.066606e-01 9.345369e-01 -1.295812e-01 
3.892000e-01 9.343923e-01 -1.300248e-01 4.568819e-02 3.063150e-01 4.578425e-02 3.067896e-01 9.343051e-01 -1.304859e-01 
3.898000e-01 9.341593e-01 -1.309283e-01 4.604996e-02 3.064449e-01 4.614682e-02 3.069204e-01 9.340713e-01 -1.313911e-01 
3.904000e-01 9.339243e-01 -1.318323e-01 4.641294e-02 3.065765e-01 4.651060e-02 3.070529e-01 9.338354e-01 -1.322966e-01 
3.910000e-01 9.336872e-01 -1.327366e-01 4.677714e-02 3.067099e-01 4.687561e-02 3.071871e-01 9.335974e-01 -1.332025e-01 
3.916000e-01 9.334480e-01 -1.336414e-01 4.714257e-02 3.068449e-01 4.724185e-02 3.073230e-01 9.333573e-01 -1.341089e-01 
3.922000e-01 9.332067e-01 -1.345466e-01 4.750925e-02 3.069817e-01 4.760934e-02 3.074606e-01 9.331151e-01 -1.350156e-01 
3.928000e-01 9.329633e-01 -1.354522e-01 4.787718e-02 3.071202e-01 4.797810e-02 3.075999e-01 9.328708e-01 -1.359228e-01 
3.934000e-01 9.327178e-01 -1.363583e-01 4.824639e-02 3.072604e-01 4.834813e-02 3.077410e-01 9.326244e-01 -1.368305e-01 
3.940000e-01 9.324702e-01 -1.372648e-01 4.861689e-02 3.074023e-01 4.871945e-02 3.078838e-01 9.323759e-01 -1.377385e-01 
3.946000e-01 9.322204e-01 -1.381717e-01 4.898868e-02 3.075459e-01 4.909208e-02 3.080283e-01 9.321253e-01 -1.386471e-01 
3.952000e-01 9.319686e-01 -1.390791e-01 4.936179e-02 3.076912e-01 4.946603e-02 3.081745e-01 9.318725e-01 -1.395560e-01 
3.958000e-01 9.317145e-01 -1.399869e-01 4.973622e-02 3.078383e-01 4.984130e-02 3.083224e-01 9.316175e-01 -1.404655e-01 
3.964000e-01 9.314583e-01 -1.408952e-01 5.011200e-02 3.079870e-01 5.021792e-02 3.084720e-01 9.313604e-01 -1.413753e-01 
3.970000e-01 9.312000e-01 -1.418040e-01 5.048913e-02 3.081375e-01 5.059590e-02 3.086234e-01 9.311011e-01 -1.422857e-01 
3.976000e-01 9.309394e-01 -1.427133e-01 5.086763e-02 3.082897e-01 5.097526e-02 3.087765e-01 9.308396e-01 -1.431965e-01 
3.982000e-01 9.306767e-01 -1.436230e-01 5.124751e-02 3.084436e-01 5.135600e-02 3.089313e-01 9.305759e-01 -1.441079e-01 
3.988000e-01 9.304118e-01 -1.445332e-01 5.162879e-02 3.085992e-01 5.173814e-02 3.090878e-01 9.303101e-01 -1.450197e-01 
3.994000e-01 9.301447e-01 -1.454439e-01 5.201148e-02 3.087565e-01 5.212170e-02 3.092460e-01 9.300420e-01 -1.459320e-01 
4.000000e-01 9.298753e-01 -1.463551e-01 5.239560e-02 3.089155e-01 5.250669e-02 3.094059e-01 9.297717e-01 -1.468448e-01 
