2.500000e-01 9.946259e-01 8.419168e-02 
2.506000e-01 9.947077e-01 8.306976e-02 
2.512000e-01 9.947880e-01 8.195001e-02 
2.518000e-01 9.948668e-01 8.083239e-02 
2.524000e-01 9.949441e-01 7.971688e-02 
2.530000e-01 9.950199e-01 7.860348e-02 
2.536000e-01 9.950942e-01 7.749214e-02 
2.542000e-01 9.951671e-01 7.638287e-02 
2.548000e-01 9.952384e-01 7.527562e-02 
2.554000e-01 9.953083e-01 7.417039e-02 
2.560000e-01 9.953768e-01 7.306715e-02 
2.566000e-01 9.954438e-01 7.196589e-02 
2.572000e-01 9.955094e-01 7.086657e-02 
2.578000e-01 9.955735e-01 6.976919e-02 
2.584000e-01 9.956362e-01 6.867373e-02 
2.590000e-01 9.956975e-01 6.758016e-02 
2.596000e-01 9.957574e-01 6.648846e-02 
2.602000e-01 9.958159e-01 6.539862e-02 
2.608000e-01 9.958730e-01 6.431061e-02 
2.614000e-01 9.959287e-01 6.322442e-02 
2.620000e-01 9.959830e-01 6.214003e-02 
2.626000e-01 9.960359e-01 6.105741e-02 
2.632000e-01 9.960875e-01 5.997656e-02 
2.638000e-01 9.961377e-01 5.889745e-02 
2.644000e-01 9.961866e-01 5.782006e-02 
2.650000e-01 9.962341e-01 5.674437e-02 
2.656000e-01 9.962803e-01 5.567037e-02 
2.662000e-01 9.963251e-01 5.459804e-02 
2.668000e-01 9.963686e-01 5.352736e-02 
2.674000e-01 9.964108e-01 5.245831e-02 
2.680000e-01 9.964517e-01 5.139088e-02 
2.686000e-01 9.964912e-01 5.032504e-02 
2.692000e-01 9.965295e-01 4.926078e-02 
2.698000e-01 9.965664e-01 4.819809e-02 
2.704000e-01 9.966021e-01 4.713693e-02 
2.710000e-01 9.966365e-01 4.607731e-02 
2.716000e-01 9.966695e-01 4.501919e-02 
2.722000e-01 9.967013e-01 4.396256e-02 
2.728000e-01 9.967319e-01 4.290741e-02 
2.734000e-01 9.967611e-01 4.185372e-02 
2.740000e-01 9.967891e-01 4.080147e-02 
2.746000e-01 9.968158e-01 3.975065e-02 
2.752000e-01 9.968413e-01 3.870123e-02 
2.758000e-01 9.968655e-01 3.765320e-02 
2.764000e-01 9.968885e-01 3.660655e-02 
2.770000e-01 9.969102e-01 3.556126e-02 
2.776000e-01 9.969307e-01 3.451731e-02 
2.782000e-01 9.969500e-01 3.347469e-02 
2.788000e-01 9.969680e-01 3.243337e-02 
2.794000e-01 9.969848e-01 3.139335e-02 
2.800000e-01 9.970004e-01 3.035461e-02 
2.806000e-01 9.970147e-01 2.931713e-02 
2.812000e-01 9.970279e-01 2.828090e-02 
2.818000e-01 9.970398e-01 2.724590e-02 
2.824000e-01 9.970506e-01 2.621211e-02 
2.830000e-01 9.970601e-01 2.517952e-02 
2.836000e-01 9.970684e-01 2.414812e-02 
2.842000e-01 9.970755e-01 2.311788e-02 
2.848000e-01 9.970815e-01 2.208880e-02 
2.854000e-01 9.970862e-01 2.106086e-02 
2.860000e-01 9.970898e-01 2.003403e-02 
2.866000e-01 9.970922e-01 1.900832e-02 
2.872000e-01 9.970934e-01 1.798370e-02 
2.878000e-01 9.970934e-01 1.696016e-02 
2.884000e-01 9.970922e-01 1.593767e-02 
2.890000e-01 9.970899e-01 1.491624e-02 
2.896000e-01 9.970864e-01 1.389584e-02 
2.902000e-01 9.970818e-01 1.287646e-02 
2.908000e-01 9.970759e-01 1.185808e-02 
2.914000e-01 9.970690e-01 1.084070e-02 
2.920000e-01 9.970608e-01 9.824283e-03 
2.926000e-01 9.970515e-01 8.808830e-03 
2.932000e-01 9.970410e-01 7.794323e-03 
2.938000e-01 9.970294e-01 6.780747e-03 
2.944000e-01 9.970167e-01 5.768089e-03 
2.950000e-01 9.970028e-01 4.756334e-03 
2.956000e-01 9.969877e-01 3.745468e-03 
2.962000e-01 9.969715e-01 2.735477e-03 
2.968000e-01 9.969542e-01 1.726347e-03 
2.974000e-01 9.969357e-01 7.180639e-04 
2.980000e-01 9.969161e-01 -2.893864e-04 
2.986000e-01 9.968953e-01 -1.296018e-03 
2.992000e-01 9.968734e-01 -2.301844e-03 
2.998000e-01 9.968504e-01 -3.306878e-03 
3.004000e-01 9.968262e-01 -4.311135e-03 
3.010000e-01 9.968009e-01 -5.314627e-03 
3.016000e-01 9.967745e-01 -6.317369e-03 
3.022000e-01 9.967470e-01 -7.319374e-03 
3.028000e-01 9.967183e-01 -8.320655e-03 
3.034000e-01 9.966885e-01 -9.321227e-03 
3.040000e-01 9.966576e-01 -1.032110e-02 
3.046000e-01 9.966255e-01 -1.132029e-02 
3.052000e-01 9.965923e-01 -1.231882e-02 
3.058000e-01 9.965580e-01 -1.331668e-02 
3.064000e-01 9.965226e-01 -1.431390e-02 
3.070000e-01 9.964860e-01 -1.531049e-02 
3.076000e-01 9.964484e-01 -1.630647e-02 
3.082000e-01 9.964096e-01 -1.730184e-02 
3.088000e-01 9.963697e-01 -1.829662e-02 
3.094000e-01 9.963286e-01 -1.929082e-02 
3.100000e-01 9.962865e-01 -2.028446e-02 
3.106000e-01 9.962432e-01 -2.127755e-02 
3.112000e-01 9.961989e-01 -2.227009e-02 
3.118000e-01 9.961534e-01 -2.326211e-02 
3.124000e-01 9.961067e-01 -2.425362e-02 
3.130000e-01 9.960590e-01 -2.524463e-02 
3.136000e-01 9.960101e-01 -2.623515e-02 
3.142000e-01 9.959602e-01 -2.722519e-02 
3.148000e-01 9.959091e-01 -2.821478e-02 
3.154000e-01 9.958569e-01 -2.920391e-02 
3.160000e-01 9.958035e-01 -3.019261e-02 
3.166000e-01 9.957491e-01 -3.118088e-02 
3.172000e-01 9.956935e-01 -3.216874e-02 
3.178000e-01 9.956368e-01 -3.315620e-02 
3.184000e-01 9.955790e-01 -3.414328e-02 
3.190000e-01 9.955201e-01 -3.512998e-02 
3.196000e-01 9.954601e-01 -3.611632e-02 
3.202000e-01 9.953989e-01 -3.710231e-02 
3.208000e-01 9.953366e-01 -3.808796e-02 
3.214000e-01 9.952732e-01 -3.907329e-02 
3.220000e-01 9.952087e-01 -4.005831e-02 
3.226000e-01 9.951430e-01 -4.104303e-02 
3.232000e-01 9.950762e-01 -4.202746e-02 
3.238000e-01 9.950083e-01 -4.301162e-02 
3.244000e-01 9.949392e-01 -4.399551e-02 
3.250000e-01 9.948691e-01 -4.497915e-02 
3.256000e-01 9.947978e-01 -4.596256e-02 
3.262000e-01 9.947253e-01 -4.694573e-02 
3.268000e-01 9.946517e-01 -4.792870e-02 
3.274000e-01 9.945770e-01 -4.891146e-02 
3.280000e-01 9.945012e-01 -4.989403e-02 
3.286000e-01 9.944242e-01 -5.087643e-02 
3.292000e-01 9.943461e-01 -5.185866e-02 
3.298000e-01 9.942668e-01 -5.284073e-02 
3.304000e-01 9.941864e-01 -5.382267e-02 
3.310000e-01 9.941049e-01 -5.480447e-02 
3.316000e-01 9.940222e-01 -5.578616e-02 
3.322000e-01 9.939384e-01 -5.676775e-02 
3.328000e-01 9.938534e-01 -5.774924e-02 
3.334000e-01 9.937672e-01 -5.873065e-02 
3.340000e-01 9.936799e-01 -5.971199e-02 
3.346000e-01 9.935915e-01 -6.069327e-02 
3.352000e-01 9.935018e-01 -6.167451e-02 
3.358000e-01 9.934111e-01 -6.265571e-02 
3.364000e-01 9.933191e-01 -6.363689e-02 
3.370000e-01 9.932260e-01 -6.461807e-02 
3.376000e-01 9.931318e-01 -6.559924e-02 
3.382000e-01 9.930363e-01 -6.658043e-02 
3.388000e-01 9.929397e-01 -6.756165e-02 
3.394000e-01 9.928419e-01 -6.854290e-02 
3.400000e-01 9.927429e-01 -6.952421e-02 
3.406000e-01 9.926428e-01 -7.050557e-02 
3.412000e-01 9.925414e-01 -7.148701e-02 
3.418000e-01 9.924389e-01 -7.246854e-02 
3.424000e-01 9.923352e-01 -7.345016e-02 
3.430000e-01 9.922303e-01 -7.443189e-02 
3.436000e-01 9.921242e-01 -7.541374e-02 
3.442000e-01 9.920169e-01 -7.639573e-02 
3.448000e-01 9.919084e-01 -7.737786e-02 
3.454000e-01 9.917987e-01 -7.836015e-02 
3.460000e-01 9.916877e-01 -7.934260e-02 
3.466000e-01 9.915756e-01 -8.032524e-02 
3.472000e-01 9.914623e-01 -8.130807e-02 
3.478000e-01 9.913477e-01 -8.229110e-02 
3.484000e-01 9.912319e-01 -8.327435e-02 
3.490000e-01 9.911149e-01 -8.425782e-02 
3.496000e-01 9.909966e-01 -8.524154e-02 
3.502000e-01 9.908771e-01 -8.622551e-02 
3.508000e-01 9.907564e-01 -8.720974e-02 
3.514000e-01 9.906344e-01 -8.819424e-02 
3.520000e-01 9.905112e-01 -8.917903e-02 
3.526000e-01 9.903867e-01 -9.016412e-02 
3.532000e-01 9.902610e-01 -9.114952e-02 
3.538000e-01 9.901340e-01 -9.213524e-02 
3.544000e-01 9.900058e-01 -9.312130e-02 
3.550000e-01 9.898763e-01 -9.410770e-02 
3.556000e-01 9.897455e-01 -9.509446e-02 
3.562000e-01 9.896134e-01 -9.608159e-02 
3.568000e-01 9.894800e-01 -9.706910e-02 
3.574000e-01 9.893454e-01 -9.805701e-02 
3.580000e-01 9.892095e-01 -9.904532e-02 
3.586000e-01 9.890723e-01 -1.000340e-01 
3.592000e-01 9.889337e-01 -1.010232e-01 
3.598000e-01 9.887939e-01 -1.020128e-01 
3.604000e-01 9.886528e-01 -1.030029e-01 
3.610000e-01 9.885103e-01 -1.039934e-01 
3.616000e-01 9.883665e-01 -1.049844e-01 
3.622000e-01 9.882214e-01 -1.059759e-01 
3.628000e-01 9.880750e-01 -1.069678e-01 
3.634000e-01 9.879272e-01 -1.079603e-01 
3.640000e-01 9.877780e-01 -1.089534e-01 
3.646000e-01 9.876276e-01 -1.099469e-01 
3.652000e-01 9.874757e-01 -1.109410e-01 
3.658000e-01 9.873226e-01 -1.119357e-01 
3.664000e-01 9.871680e-01 -1.129309e-01 
3.670000e-01 9.870121e-01 -1.139268e-01 
3.676000e-01 9.868548e-01 -1.149232e-01 
3.682000e-01 9.866961e-01 -1.159202e-01 
3.688000e-01 9.865360e-01 -1.169179e-01 
3.694000e-01 9.863745e-01 -1.179162e-01 
3.700000e-01 9.862116e-01 -1.189151e-01 
3.706000e-01 9.860473e-01 -1.199147e-01 
3.712000e-01 9.858816e-01 -1.209150e-01 
3.718000e-01 9.857145e-01 -1.219159e-01 
3.724000e-01 9.855459e-01 -1.229176e-01 
3.730000e-01 9.853760e-01 -1.239199e-01 
3.736000e-01 9.852045e-01 -1.249230e-01 
3.742000e-01 9.850316e-01 -1.259268e-01 
3.748000e-01 9.848573e-01 -1.269314e-01 
3.754000e-01 9.846815e-01 -1.279367e-01 
3.760000e-01 9.845042e-01 -1.289428e-01 
3.766000e-01 9.843254e-01 -1.299496e-01 
3.772000e-01 9.841452e-01 -1.309573e-01 
3.778000e-01 9.839634e-01 -1.319657e-01 
3.784000e-01 9.837802e-01 -1.329750e-01 
3.790000e-01 9.835954e-01 -1.339851e-01 
3.796000e-01 9.834092e-01 -1.349961e-01 
3.802000e-01 9.832214e-01 -1.360079e-01 
3.808000e-01 9.830320e-01 -1.370206e-01 
3.814000e-01 9.828412e-01 -1.380341e-01 
3.820000e-01 9.826487e-01 -1.390486e-01 
3.826000e-01 9.824548e-01 -1.400640e-01 
3.832000e-01 9.822592e-01 -1.410803e-01 
3.838000e-01 9.820621e-01 -1.420975e-01 
3.844000e-01 9.818634e-01 -1.431156e-01 
3.850000e-01 9.816631e-01 -1.441348e-01 
3.856000e-01 9.814612e-01 -1.451549e-01 
3.862000e-01 9.812577e-01 -1.461760e-01 
3.868000e-01 9.810526e-01 -1.471980e-01 
3.874000e-01 9.808459e-01 -1.482211e-01 
3.880000e-01 9.806375e-01 -1.492452e-01 
3.886000e-01 9.804275e-01 -1.502704e-01 
3.892000e-01 9.802158e-01 -1.512966e-01 
3.898000e-01 9.800024e-01 -1.523239e-01 
3.904000e-01 9.797874e-01 -1.533522e-01 
3.910000e-01 9.795707e-01 -1.543816e-01 
3.916000e-01 9.793523e-01 -1.554122e-01 
3.922000e-01 9.791322e-01 -1.564438e-01 
3.928000e-01 9.789104e-01 -1.574766e-01 
3.934000e-01 9.786868e-01 -1.585105e-01 
3.940000e-01 9.784615e-01 -1.595456e-01 
3.946000e-01 9.782345e-01 -1.605819e-01 
3.952000e-01 9.780057e-01 -1.616193e-01 
3.958000e-01 9.777752e-01 -1.626579e-01 
3.964000e-01 9.775428e-01 -1.636978e-01 
3.970000e-01 9.773087e-01 -1.647388e-01 
3.976000e-01 9.770728e-01 -1.657811e-01 
3.982000e-01 9.768351e-01 -1.668247e-01 
3.988000e-01 9.765955e-01 -1.678695e-01 
3.994000e-01 9.763541e-01 -1.689156e-01 
4.000000e-01 9.761109e-01 -1.699630e-01 
