2.500000e-01 1.626139e+00 -8.679823e+01 -5.173417e-01 3.201225e+02 -5.127535e-01 3.204764e+02 1.623599e+00 -8.691699e+01 
2.506000e-01 1.637361e+00 -8.577656e+01 -5.158909e-01 3.199337e+02 -5.112560e-01 3.202879e+02 1.634791e+00 -8.589678e+01 
2.512000e-01 1.648657e+00 -8.475616e+01 -5.143857e-01 3.197488e+02 -5.097039e-01 3.201033e+02 1.646056e+00 -8.487784e+01 
2.518000e-01 1.660025e+00 -8.373700e+01 -5.128255e-01 3.195677e+02 -5.080964e-01 3.199226e+02 1.657395e+00 -8.386014e+01 
2.524000e-01 1.671468e+00 -8.271904e+01 -5.112097e-01 3.193905e+02 -5.064329e-01 3.197457e+02 1.668806e+00 -8.284365e+01 
2.530000e-01 1.682986e+00 -8.170227e+01 -5.095377e-01 3.192172e+02 -5.047127e-01 3.195728e+02 1.680293e+00 -8.182835e+01 
2.536000e-01 1.694579e+00 -8.068666e+01 -5.078089e-01 3.190478e+02 -5.029353e-01 3.194036e+02 1.691854e+00 -8.081421e+01 
2.542000e-01 1.706247e+00 -7.967218e+01 -5.060226e-01 3.188821e+02 -5.011000e-01 3.192383e+02 1.703491e+00 -7.980120e+01 
2.548000e-01 1.717993e+00 -7.865881e+01 -5.041780e-01 3.187204e+02 -4.992061e-01 3.190769e+02 1.715205e+00 -7.878930e+01 
2.554000e-01 1.729815e+00 -7.764651e+01 -5.022747e-01 3.185624e+02 -4.972530e-01 3.189193e+02 1.726995e+00 -7.777848e+01 
2.560000e-01 1.741716e+00 -7.663527e+01 -5.003119e-01 3.184082e+02 -4.952399e-01 3.187655e+02 1.738862e+00 -7.676871e+01 
2.566000e-01 1.753695e+00 -7.562505e+01 -4.982888e-01 3.182579e+02 -4.931663e-01 3.186155e+02 1.750808e+00 -7.575997e+01 
2.572000e-01 1.765753e+00 -7.461583e+01 -4.962050e-01 3.181114e+02 -4.910314e-01 3.184693e+02 1.762833e+00 -7.475223e+01 
2.578000e-01 1.777891e+00 -7.360759e+01 -4.940596e-01 3.179686e+02 -4.888345e-01 3.183270e+02 1.774937e+00 -7.374546e+01 
2.584000e-01 1.790109e+00 -7.260029e+01 -4.918519e-01 3.178297e+02 -4.865749e-01 3.181884e+02 1.787121e+00 -7.273964e+01 
2.590000e-01 1.802408e+00 -7.159391e+01 -4.895813e-01 3.176945e+02 -4.842520e-01 3.180536e+02 1.799386e+00 -7.173475e+01 
2.596000e-01 1.814789e+00 -7.058842e+01 -4.872471e-01 3.175631e+02 -4.818649e-01 3.179225e+02 1.811733e+00 -7.073075e+01 
2.602000e-01 1.827253e+00 -6.958381e+01 -4.848484e-01 3.174354e+02 -4.794131e-01 3.177953e+02 1.824161e+00 -6.972762e+01 
2.608000e-01 1.839800e+00 -6.858004e+01 -4.823847e-01 3.173115e+02 -4.768957e-01 3.176717e+02 1.836673e+00 -6.872534e+01 
2.614000e-01 1.852431e+00 -6.757709e+01 -4.798552e-01 3.171914e+02 -4.743120e-01 3.175520e+02 1.849268e+00 -6.772388e+01 
2.620000e-01 1.865146e+00 -6.657493e+01 -4.772590e-01 3.170749e+02 -4.716613e-01 3.174360e+02 1.861947e+00 -6.672321e+01 
2.626000e-01 1.877947e+00 -6.557354e+01 -4.745956e-01 3.169623e+02 -4.689428e-01 3.173237e+02 1.874711e+00 -6.572331e+01 
2.632000e-01 1.890833e+00 -6.457288e+01 -4.718640e-01 3.168533e+02 -4.661558e-01 3.172152e+02 1.887561e+00 -6.472416e+01 
2.638000e-01 1.903807e+00 -6.357295e+01 -4.690636e-01 3.167481e+02 -4.632995e-01 3.171104e+02 1.900497e+00 -6.372572e+01 
2.644000e-01 1.916868e+00 -6.257370e+01 -4.661936e-01 3.166466e+02 -4.603731e-01 3.170093e+02 1.913521e+00 -6.272798e+01 
2.650000e-01 1.930017e+00 -6.157512e+01 -4.632532e-01 3.165488e+02 -4.573758e-01 3.169120e+02 1.926632e+00 -6.173090e+01 
2.656000e-01 1.943256e+00 -6.057718e+01 -4.602416e-01 3.164548e+02 -4.543068e-01 3.168183e+02 1.939832e+00 -6.073446e+01 
2.662000e-01 1.956584e+00 -5.957986e+01 -4.571580e-01 3.163644e+02 -4.511654e-01 3.167284e+02 1.953122e+00 -5.973865e+01 
2.668000e-01 1.970002e+00 -5.858312e+01 -4.540016e-01 3.162777e+02 -4.479507e-01 3.166422e+02 1.966502e+00 -5.874342e+01 
2.674000e-01 1.983513e+00 -5.758695e+01 -4.507715e-01 3.161948e+02 -4.446619e-01 3.165596e+02 1.979972e+00 -5.774876e+01 
2.680000e-01 1.997115e+00 -5.659132e+01 -4.474671e-01 3.161155e+02 -4.412982e-01 3.164808e+02 1.993535e+00 -5.675464e+01 
2.686000e-01 2.010810e+00 -5.559620e+01 -4.440873e-01 3.160399e+02 -4.378587e-01 3.164057e+02 2.007190e+00 -5.576104e+01 
2.692000e-01 2.024599e+00 -5.460157e+01 -4.406315e-01 3.159680e+02 -4.343426e-01 3.163342e+02 2.020938e+00 -5.476793e+01 
2.698000e-01 2.038483e+00 -5.360741e+01 -4.370986e-01 3.158998e+02 -4.307490e-01 3.162665e+02 2.034781e+00 -5.377529e+01 
2.704000e-01 2.052462e+00 -5.261369e+01 -4.334880e-01 3.158352e+02 -4.270771e-01 3.162024e+02 2.048719e+00 -5.278309e+01 
2.710000e-01 2.066537e+00 -5.162038e+01 -4.297986e-01 3.157743e+02 -4.233260e-01 3.161420e+02 2.062752e+00 -5.179131e+01 
2.716000e-01 2.080709e+00 -5.062746e+01 -4.260297e-01 3.157171e+02 -4.194948e-01 3.160853e+02 2.076882e+00 -5.079992e+01 
2.722000e-01 2.094979e+00 -4.963491e+01 -4.221802e-01 3.156636e+02 -4.155826e-01 3.160322e+02 2.091110e+00 -4.980889e+01 
2.728000e-01 2.109349e+00 -4.864270e+01 -4.182494e-01 3.156137e+02 -4.115885e-01 3.159829e+02 2.105436e+00 -4.881821e+01 
2.734000e-01 2.123818e+00 -4.765080e+01 -4.142364e-01 3.155675e+02 -4.075116e-01 3.159372e+02 2.119862e+00 -4.782785e+01 
2.740000e-01 2.138387e+00 -4.665920e+01 -4.101401e-01 3.155250e+02 -4.033510e-01 3.158951e+02 2.134387e+00 -4.683779e+01 
2.746000e-01 2.153058e+00 -4.566786e+01 -4.059597e-01 3.154861e+02 -3.991057e-01 3.158568e+02 2.149014e+00 -4.584799e+01 
2.752000e-01 2.167831e+00 -4.467676e+01 -4.016942e-01 3.154509e+02 -3.947749e-01 3.158220e+02 2.163743e+00 -4.485843e+01 
2.758000e-01 2.182708e+00 -4.368588e+01 -3.973427e-01 3.154193e+02 -3.903574e-01 3.157910e+02 2.178575e+00 -4.386910e+01 
2.764000e-01 2.197689e+00 -4.269519e+01 -3.929042e-01 3.153914e+02 -3.858525e-01 3.157636e+02 2.193510e+00 -4.287996e+01 
2.770000e-01 2.212775e+00 -4.170467e+01 -3.883778e-01 3.153672e+02 -3.812590e-01 3.157399e+02 2.208550e+00 -4.189099e+01 
2.776000e-01 2.227968e+00 -4.071429e+01 -3.837624e-01 3.153466e+02 -3.765761e-01 3.157198e+02 2.223696e+00 -4.090216e+01 
2.782000e-01 2.243267e+00 -3.972403e+01 -3.790571e-01 3.153296e+02 -3.718026e-01 3.157034e+02 2.238949e+00 -3.991346e+01 
2.788000e-01 2.258675e+00 -3.873386e+01 -3.742609e-01 3.153164e+02 -3.669377e-01 3.156907e+02 2.254309e+00 -3.892486e+01 
2.794000e-01 2.274192e+00 -3.774376e+01 -3.693727e-01 3.153067e+02 -3.619802e-01 3.156816e+02 2.269778e+00 -3.793632e+01 
2.800000e-01 2.289818e+00 -3.675371e+01 -3.643915e-01 3.153008e+02 -3.569292e-01 3.156762e+02 2.285357e+00 -3.694784e+01 
2.806000e-01 2.305556e+00 -3.576368e+01 -3.593163e-01 3.152984e+02 -3.517837e-01 3.156744e+02 2.301046e+00 -3.595937e+01 
2.812000e-01 2.321406e+00 -3.477364e+01 -3.541460e-01 3.152998e+02 -3.465424e-01 3.156763e+02 2.316847e+00 -3.497090e+01 
2.818000e-01 2.337369e+00 -3.378357e+01 -3.488796e-01 3.153047e+02 -3.412045e-01 3.156819e+02 2.332760e+00 -3.398241e+01 
2.824000e-01 2.353446e+00 -3.279345e+01 -3.435160e-01 3.153134e+02 -3.357687e-01 3.156911e+02 2.348787e+00 -3.299387e+01 
2.830000e-01 2.369639e+00 -3.180325e+01 -3.380541e-01 3.153257e+02 -3.302341e-01 3.157040e+02 2.364929e+00 -3.200525e+01 
2.836000e-01 2.385948e+00 -3.081294e+01 -3.324928e-01 3.153417e+02 -3.245994e-01 3.157205e+02 2.381187e+00 -3.101653e+01 
2.842000e-01 2.402374e+00 -2.982251e+01 -3.268309e-01 3.153613e+02 -3.188637e-01 3.157408e+02 2.397561e+00 -3.002768e+01 
2.848000e-01 2.418918e+00 -2.883192e+01 -3.210675e-01 3.153846e+02 -3.130257e-01 3.157646e+02 2.414054e+00 -2.903869e+01 
2.854000e-01 2.435583e+00 -2.784116e+01 -3.152012e-01 3.154115e+02 -3.070843e-01 3.157922e+02 2.430666e+00 -2.804952e+01 
2.860000e-01 2.452368e+00 -2.685019e+01 -3.092311e-01 3.154421e+02 -3.010384e-01 3.158234e+02 2.447397e+00 -2.706015e+01 
2.866000e-01 2.469275e+00 -2.585899e+01 -3.031558e-01 3.154764e+02 -2.948868e-01 3.158583e+02 2.464251e+00 -2.607056e+01 
2.872000e-01 2.486304e+00 -2.486754e+01 -2.969743e-01 3.155144e+02 -2.886283e-01 3.158969e+02 2.481226e+00 -2.508071e+01 
2.878000e-01 2.503458e+00 -2.387582e+01 -2.906853e-01 3.155560e+02 -2.822616e-01 3.159392e+02 2.498326e+00 -2.409060e+01 
2.884000e-01 2.520738e+00 -2.288379e+01 -2.842876e-01 3.156013e+02 -2.757857e-01 3.159851e+02 2.515550e+00 -2.310018e+01 
2.890000e-01 2.538143e+00 -2.189144e+01 -2.777800e-01 3.156503e+02 -2.691993e-01 3.160347e+02 2.532900e+00 -2.210944e+01 
2.896000e-01 2.555677e+00 -2.089873e+01 -2.711613e-01 3.157030e+02 -2.625010e-01 3.160881e+02 2.550377e+00 -2.111836e+01 
2.902000e-01 2.573340e+00 -1.990565e+01 -2.644302e-01 3.157594e+02 -2.556898e-01 3.161451e+02 2.567983e+00 -2.012690e+01 
2.908000e-01 2.591132e+00 -1.891216e+01 -2.575855e-01 3.158194e+02 -2.487642e-01 3.162058e+02 2.585719e+00 -1.913504e+01 
2.914000e-01 2.609056e+00 -1.791825e+01 -2.506259e-01 3.158832e+02 -2.417230e-01 3.162702e+02 2.603585e+00 -1.814276e+01 
2.920000e-01 2.627113e+00 -1.692388e+01 -2.435500e-01 3.159507e+02 -2.345650e-01 3.163384e+02 2.621583e+00 -1.715002e+01 
2.926000e-01 2.645304e+00 -1.592904e+01 -2.363566e-01 3.160218e+02 -2.272888e-01 3.164102e+02 2.639715e+00 -1.615682e+01 
2.932000e-01 2.663630e+00 -1.493369e+01 -2.290444e-01 3.160967e+02 -2.198930e-01 3.164858e+02 2.657982e+00 -1.516311e+01 
2.938000e-01 2.682093e+00 -1.393781e+01 -2.216120e-01 3.161753e+02 -2.123764e-01 3.165650e+02 2.676384e+00 -1.416889e+01 
2.944000e-01 2.700693e+00 -1.294139e+01 -2.140580e-01 3.162576e+02 -2.047375e-01 3.166480e+02 2.694924e+00 -1.317411e+01 
2.950000e-01 2.719433e+00 -1.194438e+01 -2.063811e-01 3.163437e+02 -1.969751e-01 3.167348e+02 2.713603e+00 -1.217875e+01 
2.956000e-01 2.738314e+00 -1.094676e+01 -1.985799e-01 3.164334e+02 -1.890875e-01 3.168253e+02 2.732421e+00 -1.118280e+01 
2.962000e-01 2.757336e+00 -9.948519e+00 -1.906529e-01 3.165270e+02 -1.810736e-01 3.169195e+02 2.751381e+00 -1.018622e+01 
2.968000e-01 2.776502e+00 -8.949619e+00 -1.825988e-01 3.166242e+02 -1.729318e-01 3.170174e+02 2.770484e+00 -9.188985e+00 
2.974000e-01 2.795812e+00 -7.950038e+00 -1.744162e-01 3.167252e+02 -1.646607e-01 3.171192e+02 2.789731e+00 -8.191074e+00 
2.980000e-01 2.815269e+00 -6.949749e+00 -1.661034e-01 3.168300e+02 -1.562589e-01 3.172247e+02 2.809124e+00 -7.192461e+00 
2.986000e-01 2.834874e+00 -5.948726e+00 -1.576592e-01 3.169385e+02 -1.477247e-01 3.173339e+02 2.828663e+00 -6.193118e+00 
2.992000e-01 2.854627e+00 -4.946944e+00 -1.490819e-01 3.170508e+02 -1.390569e-01 3.174470e+02 2.848351e+00 -5.193020e+00 
2.998000e-01 2.874532e+00 -3.944377e+00 -1.403701e-01 3.171669e+02 -1.302537e-01 3.175638e+02 2.868190e+00 -4.192141e+00 
3.004000e-01 2.894588e+00 -2.940998e+00 -1.315222e-01 3.172868e+02 -1.213137e-01 3.176844e+02 2.888179e+00 -3.190455e+00 
3.010000e-01 2.914798e+00 -1.936781e+00 -1.225367e-01 3.174105e+02 -1.122354e-01 3.178088e+02 2.908322e+00 -2.187936e+00 
3.016000e-01 2.935163e+00 -9.317002e-01 -1.134121e-01 3.175379e+02 -1.030171e-01 3.179371e+02 2.928619e+00 -1.184558e+00 
3.022000e-01 2.955685e+00 7.427095e-02 -1.041466e-01 3.176692e+02 -9.365730e-02 3.180691e+02 2.949072e+00 -1.802931e-01 
3.028000e-01 2.976366e+00 1.081159e+00 -9.473878e-02 3.178043e+02 -8.415432e-02 3.182050e+02 2.969683e+00 8.248836e-01 
3.034000e-01 2.997206e+00 2.088991e+00 -8.518693e-02 3.179432e+02 -7.450654e-02 3.183447e+02 2.990453e+00 1.830999e+00 
3.040000e-01 3.018207e+00 3.097792e+00 -7.548942e-02 3.180860e+02 -6.471232e-02 3.184882e+02 3.011384e+00 2.838080e+00 
3.046000e-01 3.039372e+00 4.107591e+00 -6.564457e-02 3.182326e+02 -5.476997e-02 3.186357e+02 3.032478e+00 3.846153e+00 
3.052000e-01 3.060702e+00 5.118413e+00 -5.565071e-02 3.183831e+02 -4.467779e-02 3.187869e+02 3.053736e+00 4.855245e+00 
3.058000e-01 3.082198e+00 6.130286e+00 -4.550610e-02 3.185374e+02 -3.443407e-02 3.189420e+02 3.075159e+00 5.865383e+00 
3.064000e-01 3.103863e+00 7.143238e+00 -3.520903e-02 3.186956e+02 -2.403707e-02 3.191011e+02 3.096750e+00 6.876594e+00 
3.070000e-01 3.125698e+00 8.157294e+00 -2.475772e-02 3.188577e+02 -1.348502e-02 3.192640e+02 3.118510e+00 7.888905e+00 
3.076000e-01 3.147704e+00 9.172483e+00 -1.415042e-02 3.190237e+02 -2.776134e-03 3.194308e+02 3.140442e+00 8.902343e+00 
3.082000e-01 3.169883e+00 1.018883e+01 -3.385305e-03 3.191936e+02 8.091389e-03 3.196015e+02 3.162546e+00 9.916937e+00 
3.088000e-01 3.192238e+00 1.120637e+01 7.539436e-03 3.193674e+02 1.911938e-02 3.197762e+02 3.184824e+00 1.093271e+01 
3.094000e-01 3.214770e+00 1.222512e+01 1.862565e-02 3.195451e+02 3.030970e-02 3.199547e+02 3.207279e+00 1.194970e+01 
3.100000e-01 3.237481e+00 1.324511e+01 2.987521e-02 3.197268e+02 4.166422e-02 3.201373e+02 3.229913e+00 1.296792e+01 
3.106000e-01 3.260373e+00 1.426638e+01 4.129002e-02 3.199124e+02 5.318485e-02 3.203238e+02 3.252726e+00 1.398741e+01 
3.112000e-01 3.283448e+00 1.528894e+01 5.287198e-02 3.201020e+02 6.487351e-02 3.205142e+02 3.275721e+00 1.500819e+01 
3.118000e-01 3.306707e+00 1.631284e+01 6.462304e-02 3.202956e+02 7.673215e-02 3.207087e+02 3.298900e+00 1.603030e+01 
3.124000e-01 3.330153e+00 1.733808e+01 7.654518e-02 3.204931e+02 8.876275e-02 3.209071e+02 3.322265e+00 1.705375e+01 
3.130000e-01 3.353787e+00 1.836472e+01 8.864039e-02 3.206947e+02 1.009673e-01 3.211095e+02 3.345817e+00 1.807859e+01 
3.136000e-01 3.377611e+00 1.939276e+01 1.009107e-01 3.209003e+02 1.133479e-01 3.213160e+02 3.369559e+00 1.910483e+01 
3.142000e-01 3.401629e+00 2.042225e+01 1.133581e-01 3.211099e+02 1.259065e-01 3.215265e+02 3.393493e+00 2.013251e+01 
3.148000e-01 3.425840e+00 2.145320e+01 1.259847e-01 3.213235e+02 1.386452e-01 3.217410e+02 3.417621e+00 2.116165e+01 
3.154000e-01 3.450249e+00 2.248566e+01 1.387927e-01 3.215412e+02 1.515661e-01 3.219596e+02 3.441944e+00 2.219228e+01 
3.160000e-01 3.474856e+00 2.351965e+01 1.517840e-01 3.217630e+02 1.646715e-01 3.221823e+02 3.466466e+00 2.322444e+01 
3.166000e-01 3.499664e+00 2.455519e+01 1.649610e-01 3.219888e+02 1.779633e-01 3.224091e+02 3.491187e+00 2.425816e+01 
3.172000e-01 3.524675e+00 2.559233e+01 1.783257e-01 3.222187e+02 1.914439e-01 3.226400e+02 3.516111e+00 2.529345e+01 
3.178000e-01 3.549891e+00 2.663108e+01 1.918805e-01 3.224528e+02 2.051155e-01 3.228750e+02 3.541239e+00 2.633036e+01 
3.184000e-01 3.575315e+00 2.767147e+01 2.056274e-01 3.226910e+02 2.189802e-01 3.231141e+02 3.566574e+00 2.736891e+01 
3.190000e-01 3.600948e+00 2.871355e+01 2.195689e-01 3.229333e+02 2.330404e-01 3.233574e+02 3.592117e+00 2.840913e+01 
3.196000e-01 3.626793e+00 2.975734e+01 2.337072e-01 3.231798e+02 2.472984e-01 3.236048e+02 3.617871e+00 2.945105e+01 
3.202000e-01 3.652853e+00 3.080286e+01 2.480446e-01 3.234304e+02 2.617566e-01 3.238564e+02 3.643839e+00 3.049470e+01 
3.208000e-01 3.679129e+00 3.185015e+01 2.625835e-01 3.236853e+02 2.764173e-01 3.241123e+02 3.670023e+00 3.154012e+01 
3.214000e-01 3.705624e+00 3.289925e+01 2.773263e-01 3.239443e+02 2.912829e-01 3.243723e+02 3.696424e+00 3.258734e+01 
3.220000e-01 3.732341e+00 3.395017e+01 2.922755e-01 3.242076e+02 3.063558e-01 3.246366e+02 3.723047e+00 3.363637e+01 
3.226000e-01 3.759281e+00 3.500296e+01 3.074334e-01 3.244751e+02 3.216386e-01 3.249051e+02 3.749891e+00 3.468727e+01 
3.232000e-01 3.786448e+00 3.605765e+01 3.228027e-01 3.247469e+02 3.371337e-01 3.251779e+02 3.776962e+00 3.574005e+01 
3.238000e-01 3.813843e+00 3.711425e+01 3.383857e-01 3.250230e+02 3.528437e-01 3.254550e+02 3.804260e+00 3.679475e+01 
3.244000e-01 3.841469e+00 3.817282e+01 3.541852e-01 3.253033e+02 3.687711e-01 3.257363e+02 3.831788e+00 3.785140e+01 
3.250000e-01 3.869330e+00 3.923338e+01 3.702036e-01 3.255880e+02 3.849186e-01 3.260220e+02 3.859550e+00 3.891004e+01 
3.256000e-01 3.897427e+00 4.029596e+01 3.864437e-01 3.258770e+02 4.012888e-01 3.263121e+02 3.887547e+00 3.997069e+01 
3.262000e-01 3.925763e+00 4.136059e+01 4.029080e-01 3.261704e+02 4.178844e-01 3.266065e+02 3.915782e+00 4.103339e+01 
3.268000e-01 3.954341e+00 4.242731e+01 4.195994e-01 3.264681e+02 4.347080e-01 3.269053e+02 3.944258e+00 4.209817e+01 
3.274000e-01 3.983164e+00 4.349615e+01 4.365205e-01 3.267702e+02 4.517626e-01 3.272084e+02 3.972977e+00 4.316506e+01 
3.280000e-01 4.012234e+00 4.456715e+01 4.536741e-01 3.270767e+02 4.690508e-01 3.275160e+02 4.001943e+00 4.423410e+01 
3.286000e-01 4.041553e+00 4.564033e+01 4.710631e-01 3.273877e+02 4.865754e-01 3.278281e+02 4.031158e+00 4.530532e+01 
3.292000e-01 4.071126e+00 4.671573e+01 4.886902e-01 3.277031e+02 5.043394e-01 3.281446e+02 4.060624e+00 4.637876e+01 
3.298000e-01 4.100955e+00 4.779339e+01 5.065585e-01 3.280230e+02 5.223457e-01 3.284655e+02 4.090346e+00 4.745444e+01 
3.304000e-01 4.131042e+00 4.887334e+01 5.246709e-01 3.283473e+02 5.405972e-01 3.287910e+02 4.120325e+00 4.853240e+01 
3.310000e-01 4.161391e+00 4.995561e+01 5.430302e-01 3.286762e+02 5.590969e-01 3.291210e+02 4.150565e+00 4.961268e+01 
3.316000e-01 4.192005e+00 5.104024e+01 5.616397e-01 3.290096e+02 5.778479e-01 3.294556e+02 4.181068e+00 5.069531e+01 
3.322000e-01 4.222887e+00 5.212726e+01 5.805022e-01 3.293476e+02 5.968532e-01 3.297947e+02 4.211838e+00 5.178033e+01 
3.328000e-01 4.254039e+00 5.321672e+01 5.996210e-01 3.296902e+02 6.161160e-01 3.301384e+02 4.242878e+00 5.286777e+01 
3.334000e-01 4.285465e+00 5.430863e+01 6.189993e-01 3.300374e+02 6.356393e-01 3.304867e+02 4.274190e+00 5.395766e+01 
3.340000e-01 4.317168e+00 5.540305e+01 6.386401e-01 3.303892e+02 6.554266e-01 3.308397e+02 4.305779e+00 5.505005e+01 
3.346000e-01 4.349152e+00 5.650000e+01 6.585467e-01 3.307457e+02 6.754809e-01 3.311973e+02 4.337646e+00 5.614496e+01 
3.352000e-01 4.381419e+00 5.759952e+01 6.787225e-01 3.311068e+02 6.958056e-01 3.315596e+02 4.369797e+00 5.724244e+01 
3.358000e-01 4.413974e+00 5.870166e+01 6.991708e-01 3.314726e+02 7.164040e-01 3.319266e+02 4.402233e+00 5.834252e+01 
3.364000e-01 4.446818e+00 5.980644e+01 7.198949e-01 3.318432e+02 7.372796e-01 3.322984e+02 4.434958e+00 5.944524e+01 
3.370000e-01 4.479956e+00 6.091390e+01 7.408984e-01 3.322185e+02 7.584358e-01 3.326749e+02 4.467975e+00 6.055063e+01 
3.376000e-01 4.513392e+00 6.202408e+01 7.621846e-01 3.325986e+02 7.798761e-01 3.330562e+02 4.501289e+00 6.165873e+01 
3.382000e-01 4.547128e+00 6.313702e+01 7.837572e-01 3.329835e+02 8.016041e-01 3.334423e+02 4.534902e+00 6.276959e+01 
3.388000e-01 4.581168e+00 6.425276e+01 8.056196e-01 3.333733e+02 8.236233e-01 3.338333e+02 4.568818e+00 6.388323e+01 
3.394000e-01 4.615517e+00 6.537134e+01 8.277757e-01 3.337679e+02 8.459374e-01 3.342291e+02 4.603041e+00 6.499971e+01 
3.400000e-01 4.650176e+00 6.649279e+01 8.502290e-01 3.341674e+02 8.685502e-01 3.346298e+02 4.637574e+00 6.611904e+01 
3.406000e-01 4.685151e+00 6.761715e+01 8.729833e-01 3.345718e+02 8.914653e-01 3.350355e+02 4.672421e+00 6.724129e+01 
3.412000e-01 4.720446e+00 6.874447e+01 8.960424e-01 3.349811e+02 9.146866e-01 3.354461e+02 4.707585e+00 6.836647e+01 
3.418000e-01 4.756063e+00 6.987478e+01 9.194102e-01 3.353954e+02 9.382181e-01 3.358617e+02 4.743072e+00 6.949465e+01 
3.424000e-01 4.792006e+00 7.100812e+01 9.430906e-01 3.358147e+02 9.620635e-01 3.362823e+02 4.778884e+00 7.062584e+01 
3.430000e-01 4.828281e+00 7.214454e+01 9.670875e-01 3.362391e+02 9.862269e-01 3.367079e+02 4.815025e+00 7.176010e+01 
3.436000e-01 4.864890e+00 7.328407e+01 9.914051e-01 3.366685e+02 1.010712e+00 3.371386e+02 4.851500e+00 7.289747e+01 
3.442000e-01 4.901839e+00 7.442676e+01 1.016047e+00 3.371030e+02 1.035524e+00 3.375744e+02 4.888312e+00 7.403798e+01 
3.448000e-01 4.939130e+00 7.557264e+01 1.041018e+00 3.375426e+02 1.060666e+00 3.380153e+02 4.925466e+00 7.518169e+01 
3.454000e-01 4.976768e+00 7.672177e+01 1.066323e+00 3.379873e+02 1.086142e+00 3.384614e+02 4.962965e+00 7.632862e+01 
3.460000e-01 5.014758e+00 7.787418e+01 1.091964e+00 3.384373e+02 1.111958e+00 3.389127e+02 5.000815e+00 7.747883e+01 
3.466000e-01 5.053104e+00 7.902991e+01 1.117947e+00 3.388924e+02 1.138117e+00 3.393692e+02 5.039019e+00 7.863235e+01 
3.472000e-01 5.091809e+00 8.018902e+01 1.144277e+00 3.393528e+02 1.164623e+00 3.398310e+02 5.077582e+00 7.978923e+01 
3.478000e-01 5.130880e+00 8.135153e+01 1.170957e+00 3.398185e+02 1.191481e+00 3.402980e+02 5.116507e+00 8.094952e+01 
3.484000e-01 5.170319e+00 8.251751e+01 1.197992e+00 3.402895e+02 1.218697e+00 3.407704e+02 5.155801e+00 8.211325e+01 
3.490000e-01 5.210133e+00 8.368698e+01 1.225387e+00 3.407659e+02 1.246273e+00 3.412482e+02 5.195467e+00 8.328047e+01 
3.496000e-01 5.250324e+00 8.486000e+01 1.253146e+00 3.412476e+02 1.274216e+00 3.417313e+02 5.235510e+00 8.445123e+01 
3.502000e-01 5.290899e+00 8.603661e+01 1.281275e+00 3.417348e+02 1.302529e+00 3.422199e+02 5.275934e+00 8.562557e+01 
3.508000e-01 5.331862e+00 8.721686e+01 1.309778e+00 3.422274e+02 1.331218e+00 3.427139e+02 5.316745e+00 8.680354e+01 
3.514000e-01 5.373218e+00 8.840080e+01 1.338659e+00 3.427255e+02 1.360288e+00 3.432135e+02 5.357947e+00 8.798518e+01 
3.520000e-01 5.414972e+00 8.958846e+01 1.367925e+00 3.432292e+02 1.389744e+00 3.437185e+02 5.399546e+00 8.917055e+01 
3.526000e-01 5.457128e+00 9.077990e+01 1.397580e+00 3.437384e+02 1.419590e+00 3.442292e+02 5.441546e+00 9.035968e+01 
3.532000e-01 5.499693e+00 9.197517e+01 1.427628e+00 3.442532e+02 1.449832e+00 3.447455e+02 5.483952e+00 9.155262e+01 
3.538000e-01 5.542671e+00 9.317431e+01 1.458077e+00 3.447736e+02 1.480475e+00 3.452674e+02 5.526770e+00 9.274943e+01 
3.544000e-01 5.586067e+00 9.437738e+01 1.488930e+00 3.452997e+02 1.511525e+00 3.457950e+02 5.570005e+00 9.395015e+01 
3.550000e-01 5.629888e+00 9.558441e+01 1.520193e+00 3.458316e+02 1.542987e+00 3.463283e+02 5.613662e+00 9.515483e+01 
3.556000e-01 5.674137e+00 9.679547e+01 1.551872e+00 3.463692e+02 1.574865e+00 3.468674e+02 5.657746e+00 9.636352e+01 
3.562000e-01 5.718822e+00 9.801060e+01 1.583971e+00 3.469126e+02 1.607167e+00 3.474124e+02 5.702264e+00 9.757627e+01 
3.568000e-01 5.763947e+00 9.922985e+01 1.616498e+00 3.474618e+02 1.639898e+00 3.479631e+02 5.747221e+00 9.879313e+01 
3.574000e-01 5.809519e+00 1.004533e+02 1.649457e+00 3.480170e+02 1.673063e+00 3.485198e+02 5.792622e+00 1.000142e+02 
3.580000e-01 5.855542e+00 1.016809e+02 1.682855e+00 3.485780e+02 1.706668e+00 3.490824e+02 5.838474e+00 1.012394e+02 
3.586000e-01 5.902024e+00 1.029129e+02 1.716696e+00 3.491450e+02 1.740719e+00 3.496510e+02 5.884782e+00 1.024689e+02 
3.592000e-01 5.948970e+00 1.041491e+02 1.750989e+00 3.497181e+02 1.775223e+00 3.502256e+02 5.931552e+00 1.037027e+02 
3.598000e-01 5.996386e+00 1.053898e+02 1.785737e+00 3.502972e+02 1.810185e+00 3.508063e+02 5.978790e+00 1.049409e+02 
3.604000e-01 6.044278e+00 1.066348e+02 1.820949e+00 3.508824e+02 1.845611e+00 3.513931e+02 6.026503e+00 1.061835e+02 
3.610000e-01 6.092653e+00 1.078844e+02 1.856629e+00 3.514737e+02 1.881509e+00 3.519861e+02 6.074697e+00 1.074307e+02 
3.616000e-01 6.141517e+00 1.091385e+02 1.892785e+00 3.520712e+02 1.917884e+00 3.525852e+02 6.123378e+00 1.086823e+02 
3.622000e-01 6.190876e+00 1.103973e+02 1.929422e+00 3.526750e+02 1.954743e+00 3.531906e+02 6.172552e+00 1.099385e+02 
3.628000e-01 6.240738e+00 1.116607e+02 1.966548e+00 3.532851e+02 1.992092e+00 3.538023e+02 6.222227e+00 1.111994e+02 
3.634000e-01 6.291109e+00 1.129288e+02 2.004170e+00 3.539015e+02 2.029939e+00 3.544204e+02 6.272409e+00 1.124650e+02 
3.640000e-01 6.341996e+00 1.142016e+02 2.042294e+00 3.545243e+02 2.068290e+00 3.550449e+02 6.323105e+00 1.137353e+02 
3.646000e-01 6.393405e+00 1.154794e+02 2.080927e+00 3.551535e+02 2.107153e+00 3.556758e+02 6.374321e+00 1.150105e+02 
3.652000e-01 6.445344e+00 1.167620e+02 2.120076e+00 3.557892e+02 2.146534e+00 3.563132e+02 6.426065e+00 1.162906e+02 
3.658000e-01 6.497820e+00 1.180495e+02 2.159749e+00 3.564314e+02 2.186440e+00 3.569571e+02 6.478344e+00 1.175756e+02 
3.664000e-01 6.550841e+00 1.193421e+02 2.199952e+00 3.570802e+02 2.226880e+00 3.576077e+02 6.531166e+00 1.188656e+02 
3.670000e-01 6.604413e+00 1.206398e+02 2.240694e+00 3.577357e+02 2.267859e+00 3.582649e+02 6.584537e+00 1.201606e+02 
3.676000e-01 6.658545e+00 1.219426e+02 2.281981e+00 3.583979e+02 2.309387e+00 3.589288e+02 6.638465e+00 1.214608e+02 
3.682000e-01 6.713244e+00 1.232506e+02 2.323822e+00 3.590668e+02 2.351471e+00 3.595995e+02 6.692958e+00 1.227662e+02 
3.688000e-01 6.768517e+00 1.245638e+02 2.366224e+00 3.597425e+02 2.394118e+00 3.602770e+02 6.748024e+00 1.240768e+02 
3.694000e-01 6.824374e+00 1.258824e+02 2.409196e+00 3.604250e+02 2.437337e+00 3.609613e+02 6.803670e+00 1.253927e+02 
3.700000e-01 6.880822e+00 1.272064e+02 2.452745e+00 3.611145e+02 2.481136e+00 3.616526e+02 6.859905e+00 1.267140e+02 
3.706000e-01 6.937868e+00 1.285358e+02 2.496880e+00 3.618110e+02 2.525523e+00 3.623509e+02 6.916737e+00 1.280407e+02 
3.712000e-01 6.995523e+00 1.298707e+02 2.541608e+00 3.625144e+02 2.570506e+00 3.630562e+02 6.974174e+00 1.293730e+02 
3.718000e-01 7.053793e+00 1.312113e+02 2.586940e+00 3.632250e+02 2.616094e+00 3.637686e+02 7.032225e+00 1.307108e+02 
3.724000e-01 7.112688e+00 1.325575e+02 2.632882e+00 3.639427e+02 2.662296e+00 3.644882e+02 7.090899e+00 1.320543e+02 
3.730000e-01 7.172217e+00 1.339094e+02 2.679445e+00 3.646677e+02 2.709121e+00 3.652150e+02 7.150203e+00 1.334035e+02 
3.736000e-01 7.232388e+00 1.352671e+02 2.726637e+00 3.653999e+02 2.756577e+00 3.659491e+02 7.210148e+00 1.347585e+02 
3.742000e-01 7.293211e+00 1.366307e+02 2.774467e+00 3.661394e+02 2.804674e+00 3.666906e+02 7.270741e+00 1.361193e+02 
3.748000e-01 7.354695e+00 1.380003e+02 2.822944e+00 3.668863e+02 2.853420e+00 3.674394e+02 7.331994e+00 1.374861e+02 
3.754000e-01 7.416849e+00 1.393758e+02 2.872078e+00 3.676407e+02 2.902827e+00 3.681958e+02 7.393914e+00 1.388588e+02 
3.760000e-01 7.479684e+00 1.407575e+02 2.921879e+00 3.684026e+02 2.952902e+00 3.689597e+02 7.456511e+00 1.402376e+02 
3.766000e-01 7.543208e+00 1.421453e+02 2.972356e+00 3.691721e+02 3.003657e+00 3.697311e+02 7.519796e+00 1.416226e+02 
3.772000e-01 7.607432e+00 1.435393e+02 3.023520e+00 3.699493e+02 3.055101e+00 3.705103e+02 7.583778e+00 1.430138e+02 
3.778000e-01 7.672366e+00 1.449396e+02 3.075380e+00 3.707342e+02 3.107244e+00 3.712972e+02 7.648468e+00 1.444113e+02 
3.784000e-01 7.738021e+00 1.463464e+02 3.127947e+00 3.715269e+02 3.160096e+00 3.720919e+02 7.713875e+00 1.458151e+02 
3.790000e-01 7.804406e+00 1.477596e+02 3.181231e+00 3.723275e+02 3.213669e+00 3.728945e+02 7.780010e+00 1.472254e+02 
3.796000e-01 7.871533e+00 1.491793e+02 3.235244e+00 3.731360e+02 3.267972e+00 3.737051e+02 7.846884e+00 1.486422e+02 
3.802000e-01 7.939412e+00 1.506057e+02 3.289995e+00 3.739525e+02 3.323018e+00 3.745237e+02 7.914507e+00 1.500657e+02 
3.808000e-01 8.008055e+00 1.520388e+02 3.345496e+00 3.747771e+02 3.378816e+00 3.753504e+02 7.982891e+00 1.514958e+02 
3.814000e-01 8.077473e+00 1.534786e+02 3.401759e+00 3.756099e+02 3.435379e+00 3.761853e+02 8.052048e+00 1.529327e+02 
3.820000e-01 8.147677e+00 1.549253e+02 3.458794e+00 3.764509e+02 3.492717e+00 3.770284e+02 8.121987e+00 1.543764e+02 
3.826000e-01 8.218679e+00 1.563790e+02 3.516614e+00 3.773002e+02 3.550843e+00 3.778799e+02 8.192722e+00 1.558271e+02 
3.832000e-01 8.290492e+00 1.578398e+02 3.575231e+00 3.781579e+02 3.609769e+00 3.787397e+02 8.264263e+00 1.572848e+02 
3.838000e-01 8.363126e+00 1.593076e+02 3.634656e+00 3.790241e+02 3.669506e+00 3.796081e+02 8.336624e+00 1.587497e+02 
3.844000e-01 8.436595e+00 1.607827e+02 3.694902e+00 3.798989e+02 3.730068e+00 3.804850e+02 8.409816e+00 1.602217e+02 
3.850000e-01 8.510911e+00 1.622651e+02 3.755982e+00 3.807822e+02 3.791466e+00 3.813706e+02 8.483852e+00 1.617010e+02 
3.856000e-01 8.586087e+00 1.637549e+02 3.817908e+00 3.816743e+02 3.853714e+00 3.822649e+02 8.558745e+00 1.631877e+02 
3.862000e-01 8.662136e+00 1.652521e+02 3.880694e+00 3.825752e+02 3.916825e+00 3.831680e+02 8.634508e+00 1.646818e+02 
3.868000e-01 8.739072e+00 1.667570e+02 3.944352e+00 3.834850e+02 3.980812e+00 3.840800e+02 8.711154e+00 1.661836e+02 
3.874000e-01 8.816908e+00 1.682695e+02 4.008897e+00 3.844037e+02 4.045689e+00 3.850011e+02 8.788697e+00 1.676929e+02 
3.880000e-01 8.895658e+00 1.697898e+02 4.074342e+00 3.853315e+02 4.111469e+00 3.859312e+02 8.867150e+00 1.692101e+02 
3.886000e-01 8.975335e+00 1.713179e+02 4.140702e+00 3.862685e+02 4.178168e+00 3.868704e+02 8.946528e+00 1.707350e+02 
3.892000e-01 9.055955e+00 1.728541e+02 4.207990e+00 3.872146e+02 4.245798e+00 3.878190e+02 9.026845e+00 1.722679e+02 
3.898000e-01 9.137532e+00 1.743982e+02 4.276222e+00 3.881702e+02 4.314376e+00 3.887769e+02 9.108115e+00 1.738089e+02 
3.904000e-01 9.220082e+00 1.759506e+02 4.345412e+00 3.891351e+02 4.383915e+00 3.897442e+02 9.190354e+00 1.753580e+02 
3.910000e-01 9.303618e+00 1.775112e+02 4.415576e+00 3.901096e+02 4.454431e+00 3.907211e+02 9.273576e+00 1.769153e+02 
3.916000e-01 9.388157e+00 1.790802e+02 4.486728e+00 3.910937e+02 4.525941e+00 3.917076e+02 9.357797e+00 1.784810e+02 
3.922000e-01 9.473714e+00 1.806576e+02 4.558886e+00 3.920875e+02 4.598458e+00 3.927038e+02 9.443033e+00 1.800551e+02 
3.928000e-01 9.560307e+00 1.822436e+02 4.632064e+00 3.930911e+02 4.672001e+00 3.937099e+02 9.529300e+00 1.816378e+02 
3.934000e-01 9.647950e+00 1.838384e+02 4.706279e+00 3.941047e+02 4.746584e+00 3.947260e+02 9.616615e+00 1.832292e+02 
3.940000e-01 9.736661e+00 1.854419e+02 4.781549e+00 3.951283e+02 4.822226e+00 3.957520e+02 9.704993e+00 1.848293e+02 
3.946000e-01 9.826457e+00 1.870543e+02 4.857890e+00 3.961620e+02 4.898943e+00 3.967883e+02 9.794452e+00 1.864384e+02 
3.952000e-01 9.917356e+00 1.886758e+02 4.935319e+00 3.972059e+02 4.976752e+00 3.978347e+02 9.885010e+00 1.880564e+02 
3.958000e-01 1.000937e+01 1.903064e+02 5.013855e+00 3.982602e+02 5.055672e+00 3.988916e+02 9.976684e+00 1.896836e+02 
3.964000e-01 1.010253e+01 1.919462e+02 5.093515e+00 3.993249e+02 5.135720e+00 3.999589e+02 1.006949e+01 1.913199e+02 
3.970000e-01 1.019685e+01 1.935954e+02 5.174318e+00 4.004002e+02 5.216915e+00 4.010368e+02 1.016345e+01 1.929657e+02 
3.976000e-01 1.029234e+01 1.952541e+02 5.256283e+00 4.014861e+02 5.299277e+00 4.021254e+02 1.025858e+01 1.946209e+02 
3.982000e-01 1.038902e+01 1.969224e+02 5.339428e+00 4.025829e+02 5.382823e+00 4.032248e+02 1.035491e+01 1.962856e+02 
3.988000e-01 1.048692e+01 1.986005e+02 5.423775e+00 4.036905e+02 5.467575e+00 4.043351e+02 1.045244e+01 1.979601e+02 
3.994000e-01 1.058605e+01 2.002884e+02 5.509342e+00 4.048092e+02 5.553551e+00 4.054565e+02 1.055120e+01 1.996445e+02 
4.000000e-01 1.068644e+01 2.019863e+02 5.596150e+00 4.059390e+02 5.640774e+00 4.065890e+02 1.065122e+01 2.013388e+02 
