2.500000e-01 2.551007e+01 1.182946e+03 
2.506000e-01 2.638352e+01 1.198941e+03 
2.512000e-01 2.729516e+01 1.215340e+03 
2.518000e-01 2.824710e+01 1.232159e+03 
2.524000e-01 2.924161e+01 1.249414e+03 
2.530000e-01 3.028111e+01 1.267122e+03 
2.536000e-01 3.136820e+01 1.285302e+03 
2.542000e-01 3.250564e+01 1.303974e+03 
2.548000e-01 3.369643e+01 1.323157e+03 
2.554000e-01 3.494375e+01 1.342874e+03 
2.560000e-01 3.625104e+01 1.363147e+03 
2.566000e-01 3.762199e+01 1.384000e+03 
2.572000e-01 3.906058e+01 1.405459e+03 
2.578000e-01 4.057110e+01 1.427551e+03 
2.584000e-01 4.215815e+01 1.450305e+03 
2.590000e-01 4.382673e+01 1.473751e+03 
2.596000e-01 4.558224e+01 1.497921e+03 
2.602000e-01 4.743050e+01 1.522851e+03 
2.608000e-01 4.937785e+01 1.548576e+03 
2.614000e-01 5.143115e+01 1.575136e+03 
2.620000e-01 5.359784e+01 1.602572e+03 
2.626000e-01 5.588605e+01 1.630928e+03 
2.632000e-01 5.830460e+01 1.660253e+03 
2.638000e-01 6.086312e+01 1.690596e+03 
2.644000e-01 6.357215e+01 1.722013e+03 
2.650000e-01 6.644318e+01 1.754561e+03 
2.656000e-01 6.948885e+01 1.788304e+03 
2.662000e-01 7.272298e+01 1.823307e+03 
2.668000e-01 7.616081e+01 1.859644e+03 
2.674000e-01 7.981908e+01 1.897393e+03 
2.680000e-01 8.371630e+01 1.936638e+03 
2.686000e-01 8.787289e+01 1.977470e+03 
2.692000e-01 9.231149e+01 2.019986e+03 
2.698000e-01 9.705720e+01 2.064295e+03 
2.704000e-01 1.021380e+02 2.110512e+03 
2.710000e-01 1.075849e+02 2.158762e+03 
2.716000e-01 1.134327e+02 2.209185e+03 
2.722000e-01 1.197204e+02 2.261928e+03 
2.728000e-01 1.264917e+02 2.317157e+03 
2.734000e-01 1.337956e+02 2.375051e+03 
2.740000e-01 1.416878e+02 2.435807e+03 
2.746000e-01 1.502309e+02 2.499643e+03 
2.752000e-01 1.594963e+02 2.566799e+03 
2.758000e-01 1.695652e+02 2.637539e+03 
2.764000e-01 1.805302e+02 2.712157e+03 
2.770000e-01 1.924978e+02 2.790979e+03 
2.776000e-01 2.055901e+02 2.874370e+03 
2.782000e-01 2.199487e+02 2.962736e+03 
2.788000e-01 2.357374e+02 3.056532e+03 
2.794000e-01 2.531471e+02 3.156272e+03 
2.800000e-01 2.724015e+02 3.262533e+03 
2.806000e-01 2.937633e+02 3.375971e+03 
2.812000e-01 3.175433e+02 3.497329e+03 
2.818000e-01 3.441110e+02 3.627459e+03 
2.824000e-01 3.739081e+02 3.767332e+03 
2.830000e-01 4.074663e+02 3.918068e+03 
2.836000e-01 4.454296e+02 4.080964e+03 
2.842000e-01 4.885842e+02 4.257524e+03 
2.848000e-01 5.378968e+02 4.449505e+03 
2.854000e-01 5.945670e+02 4.658970e+03 
2.860000e-01 6.600962e+02 4.888355e+03 
2.866000e-01 7.363826e+02 5.140556e+03 
2.872000e-01 8.258526e+02 5.419031e+03 
2.878000e-01 9.316436e+02 5.727940e+03 
2.884000e-01 1.057865e+03 6.072316e+03 
2.890000e-01 1.209977e+03 6.458287e+03 
2.896000e-01 1.395344e+03 6.893349e+03 
2.902000e-01 1.624073e+03 7.386708e+03 
2.908000e-01 1.910294e+03 7.949681e+03 
2.914000e-01 2.274165e+03 8.596106e+03 
2.920000e-01 2.745093e+03 9.342635e+03 
2.926000e-01 3.366994e+03 1.020851e+04 
2.932000e-01 4.207062e+03 1.121375e+04 
2.938000e-01 5.370456e+03 1.237300e+04 
2.944000e-01 7.024331e+03 1.367784e+04 
2.950000e-01 9.433070e+03 1.504879e+04 
2.956000e-01 1.298884e+04 1.621248e+04 
2.962000e-01 1.813412e+04 1.642482e+04 
2.968000e-01 2.479903e+04 1.408423e+04 
2.974000e-01 3.088515e+04 7.249093e+03 
2.980000e-01 3.209319e+04 -3.016223e+03 
2.986000e-01 2.737964e+04 -1.145022e+04 
2.992000e-01 2.069157e+04 -1.527033e+04 
2.998000e-01 1.505207e+04 -1.585618e+04 
3.004000e-01 1.102436e+04 -1.504304e+04 
3.010000e-01 8.263725e+03 -1.381168e+04 
3.016000e-01 6.360845e+03 -1.255617e+04 
3.022000e-01 5.020546e+03 -1.140881e+04 
3.028000e-01 4.051989e+03 -1.040044e+04 
3.034000e-01 3.334230e+03 -9.525899e+03 
3.040000e-01 2.789874e+03 -8.769206e+03 
3.046000e-01 2.368371e+03 -8.112793e+03 
3.052000e-01 2.035927e+03 -7.540645e+03 
3.058000e-01 1.769413e+03 -7.039112e+03 
3.064000e-01 1.552641e+03 -6.596870e+03 
3.070000e-01 1.374045e+03 -6.204631e+03 
3.076000e-01 1.225202e+03 -5.854790e+03 
3.082000e-01 1.099873e+03 -5.541115e+03 
3.088000e-01 9.933601e+02 -5.258472e+03 
3.094000e-01 9.020780e+02 -5.002616e+03 
3.100000e-01 8.232519e+02 -4.770015e+03 
3.106000e-01 7.547092e+02 -4.557711e+03 
3.112000e-01 6.947302e+02 -4.363214e+03 
3.118000e-01 6.419392e+02 -4.184416e+03 
3.124000e-01 5.952259e+02 -4.019522e+03 
3.130000e-01 5.536864e+02 -3.866996e+03 
3.136000e-01 5.165785e+02 -3.725515e+03 
3.142000e-01 4.832887e+02 -3.593936e+03 
3.148000e-01 4.533063e+02 -3.471267e+03 
3.154000e-01 4.262032e+02 -3.356640e+03 
3.160000e-01 4.016186e+02 -3.249299e+03 
3.166000e-01 3.792465e+02 -3.148574e+03 
3.172000e-01 3.588263e+02 -3.053878e+03 
3.178000e-01 3.401347e+02 -2.964688e+03 
3.184000e-01 3.229796e+02 -2.880540e+03 
3.190000e-01 3.071949e+02 -2.801021e+03 
3.196000e-01 2.926364e+02 -2.725761e+03 
3.202000e-01 2.791786e+02 -2.654428e+03 
3.208000e-01 2.667117e+02 -2.586724e+03 
3.214000e-01 2.551392e+02 -2.522379e+03 
3.220000e-01 2.443763e+02 -2.461151e+03 
3.226000e-01 2.343480e+02 -2.402818e+03 
3.232000e-01 2.249878e+02 -2.347180e+03 
3.238000e-01 2.162367e+02 -2.294055e+03 
3.244000e-01 2.080420e+02 -2.243277e+03 
3.250000e-01 2.003567e+02 -2.194693e+03 
3.256000e-01 1.931386e+02 -2.148165e+03 
3.262000e-01 1.863500e+02 -2.103563e+03 
3.268000e-01 1.799568e+02 -2.060772e+03 
3.274000e-01 1.739282e+02 -2.019683e+03 
3.280000e-01 1.682365e+02 -1.980196e+03 
3.286000e-01 1.628566e+02 -1.942219e+03 
3.292000e-01 1.577656e+02 -1.905667e+03 
3.298000e-01 1.529428e+02 -1.870460e+03 
3.304000e-01 1.483692e+02 -1.836527e+03 
3.310000e-01 1.440277e+02 -1.803798e+03 
3.316000e-01 1.399023e+02 -1.772210e+03 
3.322000e-01 1.359788e+02 -1.741705e+03 
3.328000e-01 1.322438e+02 -1.712227e+03 
3.334000e-01 1.286852e+02 -1.683726e+03 
3.340000e-01 1.252917e+02 -1.656152e+03 
3.346000e-01 1.220531e+02 -1.629462e+03 
3.352000e-01 1.189600e+02 -1.603614e+03 
3.358000e-01 1.160033e+02 -1.578567e+03 
3.364000e-01 1.131752e+02 -1.554285e+03 
3.370000e-01 1.104680e+02 -1.530733e+03 
3.376000e-01 1.078748e+02 -1.507878e+03 
3.382000e-01 1.053892e+02 -1.485691e+03 
3.388000e-01 1.030050e+02 -1.464140e+03 
3.394000e-01 1.007167e+02 -1.443201e+03 
3.400000e-01 9.851917e+01 -1.422845e+03 
3.406000e-01 9.640746e+01 -1.403050e+03 
3.412000e-01 9.437707e+01 -1.383792e+03 
3.418000e-01 9.242377e+01 -1.365049e+03 
3.424000e-01 9.054360e+01 -1.346801e+03 
3.430000e-01 8.873287e+01 -1.329028e+03 
3.436000e-01 8.698810e+01 -1.311712e+03 
3.442000e-01 8.530605e+01 -1.294835e+03 
3.448000e-01 8.368366e+01 -1.278380e+03 
3.454000e-01 8.211807e+01 -1.262331e+03 
3.460000e-01 8.060659e+01 -1.246674e+03 
3.466000e-01 7.914668e+01 -1.231394e+03 
3.472000e-01 7.773597e+01 -1.216477e+03 
3.478000e-01 7.637221e+01 -1.201911e+03 
3.484000e-01 7.505328e+01 -1.187683e+03 
3.490000e-01 7.377718e+01 -1.173781e+03 
3.496000e-01 7.254203e+01 -1.160194e+03 
3.502000e-01 7.134605e+01 -1.146911e+03 
3.508000e-01 7.018756e+01 -1.133922e+03 
3.514000e-01 6.906496e+01 -1.121217e+03 
3.520000e-01 6.797674e+01 -1.108787e+03 
3.526000e-01 6.692149e+01 -1.096623e+03 
3.532000e-01 6.589783e+01 -1.084715e+03 
3.538000e-01 6.490450e+01 -1.073057e+03 
3.544000e-01 6.394026e+01 -1.061640e+03 
3.550000e-01 6.300398e+01 -1.050456e+03 
3.556000e-01 6.209454e+01 -1.039498e+03 
3.562000e-01 6.121091e+01 -1.028760e+03 
3.568000e-01 6.035209e+01 -1.018234e+03 
3.574000e-01 5.951713e+01 -1.007915e+03 
3.580000e-01 5.870514e+01 -9.977959e+02 
3.586000e-01 5.791527e+01 -9.878709e+02 
3.592000e-01 5.714668e+01 -9.781345e+02 
3.598000e-01 5.639862e+01 -9.685812e+02 
3.604000e-01 5.567033e+01 -9.592057e+02 
3.610000e-01 5.496111e+01 -9.500031e+02 
3.616000e-01 5.427027e+01 -9.409684e+02 
3.622000e-01 5.359718e+01 -9.320969e+02 
3.628000e-01 5.294122e+01 -9.233843e+02 
3.634000e-01 5.230179e+01 -9.148260e+02 
3.640000e-01 5.167834e+01 -9.064181e+02 
3.646000e-01 5.107031e+01 -8.981563e+02 
3.652000e-01 5.047721e+01 -8.900368e+02 
3.658000e-01 4.989852e+01 -8.820559e+02 
3.664000e-01 4.933378e+01 -8.742099e+02 
3.670000e-01 4.878253e+01 -8.664953e+02 
3.676000e-01 4.824434e+01 -8.589089e+02 
3.682000e-01 4.771878e+01 -8.514472e+02 
3.688000e-01 4.720547e+01 -8.441071e+02 
3.694000e-01 4.670400e+01 -8.368856e+02 
3.700000e-01 4.621402e+01 -8.297797e+02 
3.706000e-01 4.573517e+01 -8.227867e+02 
3.712000e-01 4.526710e+01 -8.159036e+02 
3.718000e-01 4.480950e+01 -8.091279e+02 
3.724000e-01 4.436204e+01 -8.024570e+02 
3.730000e-01 4.392442e+01 -7.958884e+02 
3.736000e-01 4.349636e+01 -7.894195e+02 
3.742000e-01 4.307756e+01 -7.830482e+02 
3.748000e-01 4.266776e+01 -7.767721e+02 
3.754000e-01 4.226671e+01 -7.705890e+02 
3.760000e-01 4.187414e+01 -7.644968e+02 
3.766000e-01 4.148983e+01 -7.584934e+02 
3.772000e-01 4.111352e+01 -7.525768e+02 
3.778000e-01 4.074502e+01 -7.467450e+02 
3.784000e-01 4.038408e+01 -7.409962e+02 
3.790000e-01 4.003052e+01 -7.353285e+02 
3.796000e-01 3.968412e+01 -7.297402e+02 
3.802000e-01 3.934469e+01 -7.242294e+02 
3.808000e-01 3.901205e+01 -7.187946e+02 
3.814000e-01 3.868601e+01 -7.134340e+02 
3.820000e-01 3.836640e+01 -7.081461e+02 
3.826000e-01 3.805304e+01 -7.029294e+02 
3.832000e-01 3.774579e+01 -6.977824e+02 
3.838000e-01 3.744447e+01 -6.927036e+02 
3.844000e-01 3.714894e+01 -6.876915e+02 
3.850000e-01 3.685904e+01 -6.827449e+02 
3.856000e-01 3.657465e+01 -6.778623e+02 
3.862000e-01 3.629560e+01 -6.730424e+02 
3.868000e-01 3.602179e+01 -6.682841e+02 
3.874000e-01 3.575306e+01 -6.635860e+02 
3.880000e-01 3.548931e+01 -6.589470e+02 
3.886000e-01 3.523040e+01 -6.543659e+02 
3.892000e-01 3.497622e+01 -6.498415e+02 
3.898000e-01 3.472666e+01 -6.453727e+02 
3.904000e-01 3.448160e+01 -6.409585e+02 
3.910000e-01 3.424094e+01 -6.365978e+02 
3.916000e-01 3.400458e+01 -6.322896e+02 
3.922000e-01 3.377241e+01 -6.280328e+02 
3.928000e-01 3.354434e+01 -6.238265e+02 
3.934000e-01 3.332027e+01 -6.196697e+02 
3.940000e-01 3.310010e+01 -6.155616e+02 
3.946000e-01 3.288377e+01 -6.115012e+02 
3.952000e-01 3.267116e+01 -6.074876e+02 
3.958000e-01 3.246221e+01 -6.035199e+02 
3.964000e-01 3.225682e+01 -5.995974e+02 
3.970000e-01 3.205493e+01 -5.957192e+02 
3.976000e-01 3.185644e+01 -5.918844e+02 
3.982000e-01 3.166130e+01 -5.880924e+02 
3.988000e-01 3.146942e+01 -5.843424e+02 
3.994000e-01 3.128074e+01 -5.806335e+02 
4.000000e-01 3.109518e+01 -5.769652e+02 
